1 41.5603187909 -3.71777064691 -2.88946849051
2 42.0174788086 -8.71591516464 11.8562993992
3 49.6262924177 -5.15975125519 12.4424633086
1 41.5613464335 -3.7319901741 -2.88441005106
2 41.9936787781 -8.72658238209 11.871950959
3 49.6225665229 -5.17416709785 12.436129013
1 41.5565506311 -3.74328969232 -2.87712705835
2 41.9770582786 -8.73422274837 11.8803586069
3 49.616891995 -5.19580344974 12.4259562838
1 41.5503640533 -3.75473074327 -2.87799390287
2 41.971230365 -8.73626822745 11.8786338547
3 49.6082554119 -5.23191173422 12.3963649861
1 41.5436855698 -3.7620651208 -2.87973563653
2 41.970863443 -8.73266139127 11.8744615034
3 49.600061089 -5.31509604668 12.3305201747
1 41.5368601904 -3.76820510526 -2.88157974519
2 41.9700695177 -8.73035729573 11.8714886515
3 49.5873545493 -5.41436344138 12.237356337
1 41.5333714458 -3.77265514279 -2.88624947731
2 41.9721754255 -8.73650815512 11.8658423045
3 49.5748538325 -5.37665342864 12.1791915964
1 41.5334973136 -3.77406088007 -2.89150815741
2 41.9818645144 -8.74505398979 11.8601251464
3 49.6058209532 -5.3153799981 12.1863317578
1 41.5366318747 -3.77430415494 -2.89412292192
2 42.0108638963 -8.73877650066 11.8768211678
3 49.6386904031 -5.32315735427 12.2797147629
1 41.5510624726 -3.76748974755 -2.88953645335
2 42.0884846673 -8.71179012003 11.935898085
3 49.6657389705 -5.28925825443 12.3833545516
1 41.615842551 -3.74479490014 -2.87362392688
2 42.1831921693 -8.68468215792 11.9792718658
3 49.7077820573 -5.23319547867 12.4645996634
1 41.7185008111 -3.70405519331 -2.82501328502
2 42.2373484581 -8.62461755374 12.0290316578
3 49.7414962471 -5.13797302064 12.575485265
1 41.7831884607 -3.65944746142 -2.7738968006
2 42.2729957098 -8.56795384281 12.0886619915
3 49.7475229781 -4.95304194535 12.7171372227
1 41.8246122994 -3.6344204238 -2.76231680368
2 42.3382926456 -8.53160114746 12.128540199
3 49.76544757 -4.80404341932 12.808412747
1 41.869560238 -3.63269578596 -2.77333498498
2 42.4132204114 -8.48523205246 12.1773135683
3 49.7989986238 -4.73393400864 12.833488955
1 41.9125138139 -3.61684316013 -2.76225739514
2 42.4637620762 -8.42739383623 12.2157442367
3 49.8203443854 -4.68971179869 12.8617505595
1 41.9479385578 -3.57893240212 -2.74186349315
2 42.5279745229 -8.37017188848 12.2311940213
3 49.8380683917 -4.60778400196 12.9135882044
1 41.9770985334 -3.54033439898 -2.7266698706
2 42.5931069819 -8.3084696813 12.2621216271
3 49.8699158854 -4.45433391137 12.9923846017
1 42.0062922773 -3.52098408722 -2.71205986953
2 42.6443961581 -8.25247170527 12.3137628581
3 49.9028004689 -4.24286843154 13.15055962
1 42.038998906 -3.49987909179 -2.67181518128
2 42.6752137393 -8.18872239508 12.3945996507
3 49.9242620545 -3.92597853084 13.3523631928
1 42.0790169268 -3.4717449747 -2.63848584746
2 42.7169766898 -8.13172763225 12.4587748214
3 49.9576403788 -3.66686878136 13.4433453593
1 42.123125753 -3.45222119506 -2.62926542193
2 42.7950303767 -8.07586284359 12.4853584813
3 49.9908793817 -3.63866909366 13.4714497459
1 42.1713010798 -3.45904684847 -2.620142889
2 42.8514547326 -8.02772395815 12.5362710819
3 50.0259687672 -3.45897817722 13.5667320823
1 42.2155576021 -3.46428464475 -2.58551329187
2 42.892080655 -7.99109370258 12.6031945396
3 50.0238461746 -3.21852468529 13.6689492131
1 42.2468200436 -3.45612349656 -2.54586654344
2 42.9486662802 -7.94284366776 12.6480655103
3 50.0185591638 -3.11634903326 13.6497038074
1 42.2796366632 -3.44181324227 -2.51875785319
2 42.9961144607 -7.90486087724 12.7053406911
3 50.0076857893 -3.03453191814 13.5983576387
1 42.316487741 -3.43579600682 -2.48447028615
2 43.0395760758 -7.86286709888 12.7860767708
3 49.9792168404 -3.09546205549 13.569868402
1 42.3535406507 -3.44482913442 -2.46339267037
2 43.1030283361 -7.80187987999 12.8415883341
3 50.0003416103 -3.01940463378 13.3520274693
1 42.3929366232 -3.44548680506 -2.45367029631
2 43.1841391106 -7.75168056168 12.8739645066
3 50.0823397236 -2.78220191824 12.9560016018
1 42.436965617 -3.43291524051 -2.42648746443
2 43.3014945249 -7.70285718882 12.9404948969
3 50.1035292113 -2.63539397215 12.5711831363
1 42.4802651998 -3.40868617502 -2.38941286377
2 43.4282952111 -7.6466262003 13.0223201267
3 50.0833709113 -2.34256015751 12.1310521057
1 42.5168513279 -3.39386521955 -2.35822206683
2 43.5525902084 -7.51964451211 13.0791140017
3 50.0808442447 -1.89532149617 11.4629726882
1 42.5623299642 -3.38308283703 -2.33853351947
2 43.669317516 -7.43703213939 13.089098528
3 50.094185646 -1.59796110414 10.7688107653
1 42.609052528 -3.36634081778 -2.32525148351
2 43.7886095933 -7.37794021212 13.1242719849
3 50.0983481103 -1.51551672899 10.3354477906
1 42.6264471486 -3.3554060203 -2.28735758299
2 43.882174249 -7.29974265026 13.2028963489
3 50.0753190956 -1.43358485276 10.0330062164
1 42.6375377728 -3.35592722437 -2.27016570957
2 44.0027699915 -7.24942740839 13.2445857315
3 50.0870681521 -1.3134533844 9.68789756917
1 42.6701604691 -3.35538952625 -2.29505389729
2 44.1758658207 -7.20949860042 13.2206433847
3 50.1210085069 -1.20008710205 9.25936885592
1 42.716552307 -3.35252724833 -2.31478883195
2 44.3344864844 -7.15906068462 13.2082805545
3 50.1384710127 -1.02858434651 8.88754987817
1 42.7500292403 -3.3202490873 -2.28234669301
2 44.4496745038 -7.06280899923 13.2876185932
3 50.1067415767 -0.862060306043 8.60088778793
1 42.7620241547 -3.26970980039 -2.23995102965
2 44.5437279165 -6.96477221623 13.3279361915
3 50.0492413502 -0.728812670312 8.30507659727
1 42.775597563 -3.23933956011 -2.23339608244
2 44.6921372197 -6.88807652412 13.301638456
3 50.0205754002 -0.558772294391 7.94505122313
1 42.8083799062 -3.23339353943 -2.25607134107
2 44.8633852986 -6.84860122175 13.2709728272
3 50.0252648641 -0.428724631444 7.5121038615
1 42.8331412015 -3.23863061811 -2.26429343122
2 44.9776473589 -6.80883980046 13.2726304811
3 49.975107498 -0.407693793272 7.02237997258
1 42.8379882243 -3.2330130036 -2.26880399742
2 45.0598354309 -6.75474727272 13.2650207639
3 49.8912996517 -0.349436731173 6.54468151739
1 42.8489220748 -3.21183882159 -2.28064459212
2 45.1616732333 -6.69146039374 13.2561886808
3 49.8581451543 -0.195717429995 6.16673156565
1 42.860609765 -3.20040964886 -2.29679796265
2 45.2789173869 -6.65752199112 13.199641151
3 49.8235228151 -0.199180914821 5.94699010653
1 42.8669950104 -3.20204743135 -2.31825023029
2 45.3648627093 -6.63123462608 13.1646688129
3 49.7532413594 -0.481713659267 5.80847347045
1 42.8745707003 -3.1953473038 -2.33556244154
2 45.4415111269 -6.5917756748 13.1287616671
3 49.6843851088 -0.598728510578 5.73819625472
1 42.8767176766 -3.18124864361 -2.3561872282
2 45.5228805458 -6.56397367636 13.1015602455
3 49.6428626614 -0.549471305616 5.66706188574
1 42.8755673655 -3.17210006521 -2.36879091884
2 45.5556024348 -6.54042931309 13.1166648385
3 49.5569204488 -0.598669851614 5.58892033838
1 42.8725602846 -3.16477720738 -2.35805517113
2 45.5671715588 -6.49962215964 13.1388503983
3 49.4540178119 -0.650962252101 5.56144503948
1 42.8698335383 -3.16017339469 -2.35559477116
2 45.5834924624 -6.46446926187 13.1384264932
3 49.372651629 -0.636160074809 5.48854150968
1 42.8732599901 -3.15840451784 -2.35997751443
2 45.6017186206 -6.45902215472 13.1154189471
3 49.3015294059 -0.680826892701 5.37242796546
1 42.8771376857 -3.16573413625 -2.36311386162
2 45.6200828837 -6.45886398991 13.109732762
3 49.2259554541 -0.747014491598 5.32484575863
1 42.876283094 -3.1709496822 -2.36754662992
2 45.6311708016 -6.4523569838 13.1154484606
3 49.1845089449 -0.728441711776 5.27501176252
1 42.8733660652 -3.16784210009 -2.37032455425
2 45.6363401182 -6.44690797806 13.10494449
3 49.1622597185 -0.70436013747 5.21877718945
1 42.872597653 -3.16174117531 -2.36702296546
2 45.6356877299 -6.44436803788 13.1003624867
3 49.1389050212 -0.70446300838 5.17968332802
1 42.870744581 -3.15690684377 -2.36110541285
2 45.6331887088 -6.44696309473 13.1085277939
3 49.1085789518 -0.710146523612 5.15421596779
1 42.87 -3.15507018667 -2.36
2 45.6316091621 -6.4469678026 13.1132624882
3 49.0719720381 -0.721783477478 5.12952166277
1 42.87 -3.15504289185 -2.36003431348
2 45.6330477721 -6.44677768127 13.1113566538
3 49.064282095 -0.726243492501 5.12718276228
1 42.869979204 -3.15663791439 -2.36131033151
2 45.6326636734 -6.45397441423 13.1063916656
3 49.0797421392 -0.727832888577 5.17214253033
1 42.8688017396 -3.15996099064 -2.363554461
2 45.6267956916 -6.46306049985 13.1000877195
3 49.0922808379 -0.744842885862 5.21542704481
1 42.8663890709 -3.16337187506 -2.364
2 45.5981295334 -6.47928644913 13.101808802
3 49.1057878232 -0.735824439402 5.25405584453
1 42.8625882176 -3.16906060406 -2.36547602256
2 45.5229994587 -6.52855248652 13.1127038058
3 49.1472761591 -0.721841640752 5.35712307471
1 42.8558479696 -3.18005696241 -2.36641517026
2 45.402563019 -6.60254322168 13.1348310619
3 49.2293599346 -0.800493280271 5.57614059196
1 42.8400640162 -3.18749535749 -2.35631467148
2 45.2610340644 -6.70969582908 13.1349181247
3 49.3254514245 -0.899663562253 5.93796995345
1 42.8064546708 -3.18475942291 -2.33603373307
2 45.1195072992 -6.81882124935 13.1280369443
3 49.4135650666 -0.874208891995 6.36912432166
1 42.7783690181 -3.19042625497 -2.32207619201
2 44.9951792433 -6.91840648659 13.0960762733
3 49.5251108226 -0.90468793174 6.77297732768
1 42.7749417722 -3.20440391047 -2.33516229058
2 44.8734031968 -7.04922780216 13.0473431465
3 49.674301437 -1.10180741516 7.20604548596
1 42.7685955859 -3.22129218063 -2.35691759279
2 44.7338935182 -7.17958797953 12.983527127
3 49.8204425829 -1.32229892614 7.65727811704
1 42.7474082287 -3.24559971752 -2.37643899886
2 44.5783653306 -7.31180349483 12.9291834905
3 49.9401044088 -1.51500055166 8.14561523459
1 42.7263945971 -3.26450891764 -2.3834001916
2 44.4315228638 -7.42002738581 12.9065066195
3 50.032595383 -1.70324951478 8.60186765329
1 42.7020569812 -3.29707686987 -2.40935978248
2 44.3072549819 -7.52541192178 12.8511223139
3 50.0531177872 -1.91765986468 8.91308507571
1 42.6781767655 -3.34044427829 -2.45348399482
2 44.2060496976 -7.64014638285 12.7864251061
3 50.0474631304 -2.07973174046 9.24135193145
1 42.6609872312 -3.35080658282 -2.47343466045
2 44.1020469516 -7.7289455806 12.7528717174
3 50.0260302744 -2.22577926166 9.67817054147
1 42.6412600955 -3.33873536368 -2.45792679698
2 44.0234045722 -7.81797898924 12.7292350768
3 50.0460222036 -2.23735209981 10.121902651
1 42.6246302139 -3.34443769333 -2.46503436896
2 43.9541950329 -7.87264685627 12.6998788391
3 50.1134518162 -2.29754899793 10.399702282
1 42.6080903831 -3.35391827781 -2.48836836357
2 43.8879778408 -7.92103200832 12.6473201704
3 50.1832478021 -2.46624551136 10.5073207999
1 42.5911349454 -3.35205777088 -2.49321518024
2 43.8247320698 -7.98507172481 12.6255105412
3 50.2379206586 -2.46393788235 10.6749085019
1 42.5684169901 -3.35136985581 -2.49147757515
2 43.771902502 -8.02870713004 12.622517613
3 50.2877857213 -2.38453894999 10.9418968235
1 42.5485696642 -3.36492476828 -2.50507168755
2 43.7370715036 -8.06416773151 12.5811092356
3 50.3403761989 -2.38344761126 11.2027492308
1 42.5387006718 -3.38619690537 -2.53610412043
2 43.7374082439 -8.10376335013 12.5004670945
3 50.4331628395 -2.38342492089 11.4081374083
1 42.5334568144 -3.40873322655 -2.5760206073
2 43.7463886567 -8.13253794727 12.4398621676
3 50.538173618 -2.44801199293 11.5746034228
1 42.5216663652 -3.42588637284 -2.59733218496
2 43.72050357 -8.15932370461 12.4205329619
3 50.5938040516 -2.56613489993 11.7416551156
1 42.5004888037 -3.4267612782 -2.60324313744
2 43.661586163 -8.17508552267 12.4270371062
3 50.6002960157 -2.63865166744 11.9877654483
1 42.4779189814 -3.42124304161 -2.60393032611
2 43.6093412501 -8.20223357764 12.425431998
3 50.594788686 -2.71230235357 12.23885265
1 42.4540600514 -3.4233746075 -2.60823200211
2 43.5769622372 -8.23740769845 12.4069559896
3 50.597277508 -2.83601753719 12.3905662159
1 42.4305452905 -3.42737581397 -2.62409740429
2 43.5545046167 -8.26127018584 12.3789208062
3 50.591732711 -2.93428141544 12.519252759
1 42.4077487195 -3.43062697102 -2.64725861009
2 43.5235300876 -8.2819317072 12.3462606127
3 50.5800840479 -2.98014090534 12.6292084468
1 42.3828046614 -3.42993231342 -2.66560005317
2 43.4920578505 -8.30473935057 12.2920043867
3 50.5715416327 -3.05186119085 12.7223923105
1 42.3568630796 -3.43053676511 -2.67987108119
2 43.4498514274 -8.31804918792 12.2583754846
3 50.5554540929 -3.082464957 12.843173214
1 42.3277322079 -3.43715011876 -2.69191991172
2 43.3997744317 -8.33506426382 12.2605307385
3 50.5293217063 -3.08420988012 12.9652365256
1 42.3002145522 -3.45164494537 -2.71352214761
2 43.3545336565 -8.35828406326 12.2423230258
3 50.4954552369 -3.13650992301 13.0563647908
1 42.2802451476 -3.46804179302 -2.75286676285
2 43.3215660619 -8.39070736346 12.1969540828
3 50.4764721903 -3.17394412898 13.1092909491
1 42.2628237536 -3.47420194055 -2.77159162315
2 43.2864447627 -8.43574671996 12.1560817697
3 50.4729479971 -3.23049161217 13.1505020875
1 42.2429761753 -3.47878843151 -2.77940499073
2 43.2400140667 -8.461777925 12.1256403469
3 50.4511380874 -3.32026903538 13.2117646277
1 42.2170052734 -3.48530552358 -2.79321567498
2 43.1953773666 -8.47002009401 12.1082206154
3 50.4117440145 -3.35230796577 13.2864887021
1 42.192625734 -3.49413910214 -2.8050548467
2 43.1652303707 -8.47538870886 12.1052457581
3 50.3815003057 -3.36773586521 13.3512222983
1 42.1713106547 -3.50290843481 -2.80059625856
2 43.1347513527 -8.48215844554 12.1171087382
3 50.3536970211 -3.42925193507 13.4257903128
1 42.1471340476 -3.50874240075 -2.79275850523
2 43.0962789264 -8.49065331045 12.1236771029
3 50.3257128946 -3.466277392 13.4977074836
1 42.1268309543 -3.52038160867 -2.80299666339
2 43.0734061823 -8.50686484282 12.1036476531
3 50.3184758502 -3.46158565866 13.5313808766
1 42.112804126 -3.53536377908 -2.82134901964
2 43.0634238626 -8.51732401704 12.080232743
3 50.3205768248 -3.49686747823 13.5365075139
1 42.0957905008 -3.5480315093 -2.82741382354
2 43.0436069695 -8.51905182552 12.0791734853
3 50.3011550077 -3.56163647351 13.5623831484
1 42.071129701 -3.55790502501 -2.8224621674
2 43.013289862 -8.52110792853 12.0882671118
3 50.2535580911 -3.59073958433 13.6182467267
1 42.0404944405 -3.56362729095 -2.8213967824
2 42.9879521689 -8.52242076451 12.0935914924
3 50.2284579723 -3.57671913438 13.6481468385
1 42.0101861301 -3.56868181446 -2.82686259644
2 42.9690010426 -8.5277843787 12.092794007
3 50.2215396457 -3.5775081006 13.6743537798
1 41.9832737575 -3.57418529987 -2.83096863866
2 42.948657365 -8.53406219328 12.0878656339
3 50.2165074922 -3.64404597966 13.7150314693
1 41.9548481326 -3.59406910606 -2.84515824538
2 42.9363736484 -8.54255950777 12.0762287982
3 50.2142965501 -3.70210951597 13.7402652958
1 41.9338965286 -3.61873407167 -2.87840806818
2 42.9235852951 -8.54884143151 12.066902105
3 50.2093528438 -3.72435941434 13.7493239071
1 41.9107056314 -3.62696878674 -2.90059340228
2 42.905135596 -8.55166173575 12.0553847653
3 50.209271313 -3.74163427886 13.7485329703
1 41.8769829289 -3.62553971057 -2.89573320031
2 42.8820844893 -8.55095361333 12.0506326934
3 50.2043439961 -3.74804631579 13.7520443486
1 41.8382397549 -3.63096760613 -2.89195402022
2 42.8485295312 -8.55314695599 12.053149604
3 50.1879862576 -3.75520492122 13.7547144545
1 41.8078883219 -3.65012134902 -2.90621858041
2 42.8026689939 -8.56855746089 12.0356301943
3 50.1716416301 -3.78489047479 13.7097077427
1 41.7860509007 -3.67429310558 -2.92395324381
2 42.7305652418 -8.58625604381 12.0013426171
3 50.1525426612 -3.82263702783 13.6293333405
1 41.7605869923 -3.70015168053 -2.92654185646
2 42.6281183695 -8.59666562329 11.973359221
3 50.1166617693 -3.91052885619 13.5278154961
1 41.7238116244 -3.71969998388 -2.92415840091
2 42.5417024604 -8.65493456266 11.9354649968
3 50.0745738902 -4.09511693107 13.383372896
1 41.6916746786 -3.73793845053 -2.94838139964
2 42.4660890084 -8.73178768357 11.8816123903
3 50.0524988718 -4.32601332265 13.1778815326
1 41.6738461436 -3.7466406829 -2.96207586391
2 42.3760567124 -8.79650043138 11.8245401495
3 50.0263936873 -4.49543299586 12.9919229736
1 41.6618250482 -3.74532358486 -2.96969144062
2 42.2950767187 -8.86756403718 11.7881476386
3 49.9854855747 -4.60260754727 12.8643531542
1 41.6399193877 -3.74609175309 -2.96894009648
2 42.2314026198 -8.91784327554 11.7502248283
3 49.9588725546 -4.73723272295 12.7315527576
1 41.6228586117 -3.76566202822 -2.97377954505
2 42.1743604774 -8.96072117003 11.7154539255
3 49.9334295826 -4.89049056388 12.6242782426
1 41.6119872337 -3.78751925902 -2.9853236816
2 42.1374991579 -8.97990006062 11.7078611028
3 49.9155931674 -5.02011098557 12.6086165693
1 41.6023677442 -3.79228831786 -2.98065427002
2 42.1058694462 -8.98566774643 11.7196390539
3 49.884643688 -5.09271851585 12.6597266857
1 41.5966991911 -3.79001633811 -2.97217710545
2 42.0965260731 -8.97957978431 11.7375767484
3 49.8620519987 -5.07638982944 12.6951418487
1 41.5964271756 -3.79152251689 -2.97375863534
2 42.104422884 -8.9635022633 11.7453073985
3 49.8718465498 -5.02656315203 12.7377959012
1 41.6004235375 -3.79253451677 -2.97223380004
2 42.1233175564 -8.93248369418 11.7676674397
3 49.8858709548 -4.93657843583 12.7887383656
1 41.6189020352 -3.78667803837 -2.95395269127
2 42.1669382602 -8.84310664125 11.857951906
3 49.8991335426 -4.83185231546 12.8563922182
1 41.6546117067 -3.75111641104 -2.90491724097
2 42.2390696178 -8.71385105061 11.9923188796
3 49.8991746774 -4.76279733497 12.9008992899
1 41.6805294045 -3.73414404233 -2.86782971708
2 42.3268442606 -8.59045580291 12.1001158009
3 49.9010078269 -4.64642449341 12.9518150355
1 41.6933714767 -3.74180663951 -2.85701578739
2 42.3998310344 -8.48272751356 12.189242673
3 49.9166809112 -4.41812073647 13.0535334787
1 41.705037323 -3.75541298469 -2.85112342373
2 42.4719460099 -8.39051861823 12.2581612513
3 49.9464428307 -4.18456304434 13.1554851209
1 41.718084682 -3.76052641262 -2.85636352045
2 42.5652750715 -8.30080946305 12.309603465
3 49.9795036961 -3.97462694842 13.2188957898
1 41.7339335387 -3.73372836378 -2.8347410959
2 42.6721371489 -8.20866280888 12.3537615806
3 50.0043511889 -3.72970538042 13.285489714
1 41.7383864562 -3.71535106723 -2.81117499618
2 42.760024981 -8.11215920662 12.4264680022
3 50.0529340363 -3.37915977543 13.3730576807
1 41.7501116733 -3.70941493265 -2.81607801135
2 42.8396205891 -8.02914571816 12.5002824756
3 50.125443936 -3.12572921584 13.4038440928
1 41.7814247815 -3.68454645938 -2.81337291732
2 42.9577562597 -7.94213788374 12.5502600195
3 50.1908414322 -2.97630541223 13.3039987009
1 41.8075860332 -3.65497527593 -2.79125239598
2 43.0660574644 -7.8805989502 12.5993531021
3 50.2242311796 -2.69754848871 13.2535697524
1 41.8264393741 -3.64737737815 -2.76170371239
2 43.1491866006 -7.80434828446 12.6424861165
3 50.194123178 -2.60606039169 13.2189382428
1 41.8470840177 -3.65725087675 -2.75972467907
2 43.2137933695 -7.73705408155 12.6669408273
3 50.1281422961 -2.69897534483 13.0394553026
1 41.8656903423 -3.65437455823 -2.75660008282
2 43.27046765 -7.69388020236 12.6881599514
3 50.0773015821 -2.72165222918 12.790976191
1 41.886660787 -3.64505308013 -2.73880910958
2 43.3282628699 -7.65553054008 12.7330164601
3 50.0393043327 -2.69354730312 12.4807070647
1 41.9028233268 -3.64070817247 -2.7189293012
2 43.3837435629 -7.59499194975 12.7828560277
3 50.0247161662 -2.65388214233 12.1091451592
1 41.9158141701 -3.63538079863 -2.69648386534
2 43.4327773503 -7.55863749429 12.800339673
3 49.9998888116 -2.66735915776 11.6684722516
1 41.93041303 -3.64066687081 -2.69452079148
2 43.4947956261 -7.50834769499 12.7859418737
3 49.9794066077 -2.66055312626 11.1392648654
1 41.9533356752 -3.63824373459 -2.68798662078
2 43.5732691221 -7.44588418629 12.8165167556
3 49.9882412263 -2.46607485599 10.6212162502
1 41.9780573477 -3.62443897977 -2.658331644
2 43.6740414366 -7.37133194214 12.8795209047
3 49.9748382929 -2.27262553677 10.1231535491
1 42.0041008644 -3.61698516354 -2.63649492028
2 43.7632933002 -7.31922332447 12.886635105
3 49.938193213 -2.15314824209 9.56155827219
1 42.0348063961 -3.61918882082 -2.63548436622
2 43.8428897254 -7.33807415639 12.8604307786
3 49.8911047147 -1.97728277149 9.00611277209
1 42.0740813601 -3.61583093811 -2.63320609345
2 43.9447441863 -7.27480082913 12.9066787725
3 49.8045582138 -1.80796515247 8.52812951349
1 42.1064189951 -3.59603275736 -2.59998908481
2 44.0494102748 -7.19218541062 12.943559002
3 49.648619479 -1.66395737203 8.06166304216
1 42.1344295864 -3.57597578453 -2.56997069113
2 44.1513507563 -7.14669496168 12.9216769004
3 49.501880611 -1.52395715319 7.60707184058
1 42.1729979669 -3.56738841025 -2.55823860976
2 44.2443887696 -7.07831701522 12.9344198286
3 49.3968047418 -1.44119167533 7.17588389671
1 42.2138894458 -3.56049967045 -2.54842124035
2 44.3172300716 -7.00597511866 12.9875639241
3 49.3055269415 -1.30534863131 6.83616554079
1 42.2427891303 -3.54466933475 -2.52179704196
2 44.3993837979 -6.95771021021 13.0111210892
3 49.1814198643 -1.19492042702 6.61468813698
1 42.2614677139 -3.54109731398 -2.51229187202
2 44.5113819165 -6.93913736834 13.0055672872
3 49.0590057293 -1.26204819019 6.30106619884
1 42.279590282 -3.53271889349 -2.52150303575
2 44.5992800461 -6.93837711146 12.9455470132
3 48.9480176108 -1.33849021255 5.96787381703
1 42.2967169351 -3.51704103968 -2.5229179463
2 44.6298009886 -6.90258910836 12.9354938618
3 48.857442322 -1.32379690129 5.83254887873
1 42.3101025798 -3.50199309997 -2.51731516781
2 44.6551050385 -6.86081835359 12.9652745438
3 48.7872858896 -1.23568498796 5.75878438528
1 42.320795638 -3.48617581906 -2.51477351048
2 44.7067865379 -6.84580451282 12.9491903466
3 48.7468335135 -1.18751620157 5.64196692954
1 42.3340192382 -3.47728761012 -2.52408445048
2 44.7501495593 -6.84568124574 12.9132277195
3 48.7100380071 -1.19973818269 5.51936469786
1 42.3512127105 -3.47704464758 -2.53271992868
2 44.7722413743 -6.84783744829 12.8928318319
3 48.6816502505 -1.19419407363 5.41242824982
1 42.3648583873 -3.47295923317 -2.531929807
2 44.794420028 -6.83873310262 12.9046884085
3 48.6275054533 -1.15584566305 5.3055393575
1 42.374946749 -3.46056367829 -2.52937341566
2 44.8226348025 -6.81133933961 12.9219052575
3 48.5454286752 -1.16035303553 5.17403600997
1 42.3849783773 -3.4478308554 -2.52757815814
2 44.8385744562 -6.80563544638 12.9296435932
3 48.4886207164 -1.1899579261 5.06539161769
1 42.3948506272 -3.43937524514 -2.52614612551
2 44.845213502 -6.80217268679 12.9331786976
3 48.4567693227 -1.22931763833 4.98655077098
1 42.4022761001 -3.43599939812 -2.52544049833
2 44.8545495701 -6.78950999196 12.9373837881
3 48.4303167607 -1.26985263217 4.95664728112
1 42.408405531 -3.43232114526 -2.5285057857
2 44.8667147725 -6.78288694373 12.9372512574
3 48.4272053868 -1.26992886877 4.95481361229
1 42.4134433382 -3.42850113774 -2.53258688528
2 44.8752131413 -6.78117184853 12.9378742523
3 48.429 -1.25831311262 4.94661668526
1 42.4166083111 -3.42446549727 -2.53106677535
2 44.8779126566 -6.78134293402 12.9392293531
3 48.4288538938 -1.24797210156 4.93684668824
1 42.4185697194 -3.42276670719 -2.52899484454
2 44.878 -6.77907499827 12.9385426864
3 48.4277616649 -1.23915862765 4.92794028954
1 42.4236759195 -3.42311697778 -2.52808341595
2 44.8781169778 -6.77702372922 12.9364375454
3 48.427740707 -1.22949782293 4.91767877722
1 42.4297060805 -3.42402142406 -2.52663713926
2 44.8797686801 -6.77597857594 12.9360351184
3 48.4288354637 -1.2208093747 4.91460855125
1 42.4349714218 -3.42276244695 -2.52500714817
2 44.8795150858 -6.77536697723 12.9374875159
3 48.4297817879 -1.21404142442 4.91796374207
1 42.4395604618 -3.42056424472 -2.52467764992
2 44.8777193713 -6.77502239548 12.938
3 48.4330938218 -1.21142633033 4.93151366361
1 42.4478366414 -3.41886782641 -2.52688130007
2 44.8730976727 -6.77997361131 12.9379604875
3 48.4441005611 -1.20936104717 4.9659325624
1 42.4573482486 -3.41735067858 -2.52605212357
2 44.8458282126 -6.81103253006 12.9352849499
3 48.4807159886 -1.21017589652 5.06687869373
1 42.4585950264 -3.42054525163 -2.52460562293
2 44.7431616931 -6.89981342696 12.9314966314
3 48.5942126772 -1.24787578992 5.32736152839
1 42.4513038897 -3.42087853817 -2.52676956869
2 44.5902605121 -7.02125971981 12.92221972
3 48.7748642229 -1.29719010978 5.7483803132
1 42.4317550046 -3.40413664657 -2.51631465195
2 44.4660937835 -7.12235779591 12.9456203192
3 48.9437201152 -1.24915787612 6.23286238984
1 42.400786734 -3.38814327513 -2.49842989114
2 44.3213127145 -7.24175344543 12.9539155447
3 49.1208546685 -1.22572064121 6.71178507959
1 42.3823049324 -3.39649657715 -2.49902044576
2 44.2068031301 -7.36487250653 12.8888730079
3 49.3302950913 -1.38844640531 7.17969406228
1 42.3804951525 -3.41176168547 -2.5238372165
2 44.0879875868 -7.49036176617 12.798403097
3 49.5147271775 -1.56814307206 7.70392806296
1 42.3715349185 -3.43409806263 -2.55782809401
2 43.9868812822 -7.60736391307 12.73961777
3 49.6365799069 -1.59209107449 8.30825007574
1 42.3566624505 -3.44866439738 -2.58469438862
2 43.8959294936 -7.70891981843 12.7180153736
3 49.7020113902 -1.8178373967 8.76092100594
1 42.3464848856 -3.44882227247 -2.59900265072
2 43.8328627016 -7.77779490576 12.6225619639
3 49.7243374525 -2.03196456715 9.06440673262
1 42.3447057998 -3.45899836155 -2.6208100055
2 43.7973690277 -7.83155784626 12.5612534069
3 49.7645119963 -2.06836918202 9.41251737982
1 42.3427799926 -3.47024541793 -2.64026255506
2 43.7277148878 -7.88463893696 12.5571657757
3 49.8234637662 -2.22351835309 9.77481661636
1 42.330635523 -3.47781691004 -2.63613134262
2 43.6514324564 -7.91854794562 12.5578820773
3 49.8315205 -2.39472455792 10.1126145301
1 42.3152969133 -3.48715852324 -2.6305285396
2 43.6007096344 -7.94753725189 12.5516069029
3 49.9044411241 -2.30164094998 10.4377545353
1 42.3070734234 -3.49214204777 -2.63806899395
2 43.5770677661 -7.96254471098 12.5276008164
3 50.054786727 -2.2110419024 10.7331710916
1 42.3044218989 -3.49841628393 -2.64952144755
2 43.5665196452 -7.99594213261 12.5050429165
3 50.1549894979 -2.16659847989 11.0561234483
1 42.3017797389 -3.50182954301 -2.65596727883
2 43.5566635213 -8.01328710183 12.5012461295
3 50.197855681 -2.14751252849 11.3953658067
1 42.2979910597 -3.50340834886 -2.66301805599
2 43.5346009562 -8.01413689203 12.5090008456
3 50.2406204487 -2.21980953822 11.5873476193
1 42.2946640597 -3.50300939857 -2.66696403092
2 43.5135296552 -8.03519271758 12.4963581234
3 50.28608487 -2.2970127261 11.7625834573
1 42.2930087523 -3.50073707354 -2.66797140543
2 43.4928928848 -8.05928553384 12.4877102593
3 50.3152019998 -2.35310195534 12.0326782337
1 42.2895738547 -3.49829065483 -2.66924728516
2 43.4701470695 -8.06669259067 12.4787021017
3 50.318687075 -2.42038475412 12.3021228703
1 42.2851170755 -3.4976374535 -2.67556493133
2 43.4620610235 -8.06951107677 12.4486899274
3 50.3396542729 -2.50075880451 12.4647724553
1 42.2794491746 -3.49357391232 -2.68583307705
2 43.4580131861 -8.09314503052 12.4161592118
3 50.3663430491 -2.55179676809 12.5604748405
1 42.270708292 -3.48625614763 -2.69717080893
2 43.4405595971 -8.12401076012 12.4068043303
3 50.3597419759 -2.56824621584 12.673250975
1 42.2584184285 -3.47986442918 -2.70978604937
2 43.4167662564 -8.13511549786 12.406634465
3 50.3458249312 -2.58230807762 12.8123363549
1 42.2475969987 -3.48036446465 -2.73403335475
2 43.404596465 -8.14584307206 12.3745993778
3 50.346796532 -2.67381702038 12.9088385369
1 42.2392325026 -3.47544863148 -2.76256868636
2 43.4067399361 -8.15462876877 12.3347133249
3 50.3733054572 -2.70351331244 12.909643918
1 42.225831903 -3.46163593911 -2.77468173262
2 43.4027217568 -8.15948919305 12.3161408596
3 50.379248792 -2.66640276361 12.9444210658
1 42.2099747871 -3.44825298231 -2.77588406494
2 43.3887590189 -8.16004951226 12.3115438329
3 50.3552356607 -2.669866243 13.0399489033
1 42.1979056109 -3.44425434416 -2.79048738899
2 43.3798881395 -8.15413907359 12.299775969
3 50.3558608897 -2.72822349191 13.0849244293
1 42.1855677863 -3.45004809837 -2.81594460763
2 43.375244565 -8.1582141263 12.2753217922
3 50.3931969785 -2.80056124411 13.088570302
1 42.1677985982 -3.45844290921 -2.83549835768
2 43.3718693097 -8.16780132577 12.2622664002
3 50.3947007872 -2.8111617551 13.1654405611
1 42.1441332494 -3.47063939868 -2.85408308632
2 43.367764194 -8.16920826425 12.2556562849
3 50.3708950221 -2.83971804421 13.2447515624
1 42.1216600042 -3.47562306574 -2.86907986645
2 43.3630057956 -8.16561122842 12.2453841228
3 50.3551013574 -2.85458009627 13.2773745217
1 42.1058839486 -3.47935667468 -2.8764672972
2 43.3591995767 -8.16648765215 12.2380124853
3 50.3467193998 -2.8357601486 13.2893074583
1 42.0900202782 -3.48891592238 -2.88725892822
2 43.3491893024 -8.17721731358 12.2299774359
3 50.3459588638 -2.8380351804 13.2885408097
1 42.0699375888 -3.50396771621 -2.90285878178
2 43.3333886131 -8.19380923413 12.2102855297
3 50.3427368492 -2.87709254469 13.2763522807
1 42.0528856279 -3.50860540406 -2.91898274307
2 43.2985405688 -8.21345256204 12.1604094951
3 50.3479616832 -2.9353969706 13.2264764248
1 42.0338934669 -3.5092319651 -2.92633735881
2 43.2305838526 -8.24753760841 12.1097220752
3 50.3651553978 -3.00330280842 13.1504903947
1 42.0072401553 -3.51400907975 -2.92818158438
2 43.1398823319 -8.29587180411 12.0963346627
3 50.3656341942 -3.14659012422 13.0427416947
1 41.9775125459 -3.51354149188 -2.9217415845
2 43.0699753502 -8.33348015357 12.0566519108
3 50.3555862658 -3.29536969046 12.8556215469
1 41.9534818622 -3.52553385974 -2.94088107025
2 43.0232773967 -8.3644520651 11.9916825789
3 50.3641914782 -3.40972620005 12.6281978655
1 41.9449259335 -3.53229340268 -2.96452396996
2 42.9517782686 -8.40586549054 11.9530884253
3 50.3570666079 -3.59666933065 12.4434282937
1 41.9280062086 -3.52988810767 -2.95459060533
2 42.8742731451 -8.47480386911 11.925824174
3 50.3176841358 -3.82048537373 12.3058877465
1 41.9044577919 -3.54794165184 -2.96267715676
2 42.8253024348 -8.52217257509 11.8803984784
3 50.2879244022 -4.01469347401 12.1674833103
1 41.8925483075 -3.57089413859 -2.99616652886
2 42.8049265271 -8.56393476774 11.8225964552
3 50.2950139562 -4.14064389653 12.0211758037
1 41.887777264 -3.56527230087 -3.01163032129
2 42.7801524206 -8.63429430009 11.7846323751
3 50.2908800409 -4.30516287214 11.9312504653
1 41.8781363001 -3.5558447054 -3.00793374659
2 42.7604137739 -8.67762306285 11.7592671046
3 50.2813297354 -4.44071155594 11.9164417182
1 41.8731575064 -3.56669948459 -3.02015266923
2 42.7595878459 -8.69137410782 11.7356084824
3 50.3022300065 -4.44999420584 11.9090732809
1 41.8761753656 -3.57515899869 -3.03104254169
2 42.7658411019 -8.70513099085 11.71296016
3 50.3372342532 -4.43694943428 11.8928352564
1 41.8757079552 -3.5802538361 -3.03214722067
2 42.7664833615 -8.70953438405 11.7110876978
3 50.3560195896 -4.46694176935 11.9397602181
1 41.8712333189 -3.58582328574 -3.02946550692
2 42.7600169421 -8.70921320719 11.7257358295
3 50.3364363656 -4.46798690021 12.0451425041
1 41.8682912866 -3.58728238301 -3.0279383917
2 42.7565368328 -8.70148483566 11.7406642024
3 50.318061467 -4.33771738258 12.1338374524
1 41.8681613307 -3.58928734063 -3.02498985784
2 42.7659360367 -8.68189695071 11.7597923868
3 50.3303540488 -4.26390566979 12.1945993095
1 41.86808455 -3.60448466126 -3.01882843716
2 42.7913182685 -8.62795726008 11.8099529524
3 50.3485364816 -4.2470202702 12.2656413923
1 41.8675910535 -3.61511287474 -3.00053718972
2 42.819361134 -8.52451268318 11.903939786
3 50.3439595006 -4.18538198151 12.3510421413
1 41.862576998 -3.60024868835 -2.98033574582
2 42.8635795648 -8.42039859353 11.9881430616
3 50.3353766435 -4.1178234382 12.4256065928
1 41.8642583298 -3.59383438491 -2.99062091611
2 42.9218430404 -8.36593452829 12.0218429231
3 50.347009864 -4.01256534749 12.5058183077
1 41.8733940617 -3.60116375084 -2.99939355333
2 42.9651402279 -8.31895952351 12.039855549
3 50.3705630168 -3.80208140424 12.6693218295
1 41.8874750566 -3.59832116117 -2.98695348506
2 43.0026185486 -8.26763057388 12.0839473077
3 50.3692182047 -3.55216615471 12.8733353159
1 41.8976575527 -3.59093732112 -2.98181763938
2 43.0584953329 -8.18082087754 12.1434485827
3 50.3707562307 -3.37458890393 12.9847748186
1 41.9066851847 -3.5715800696 -2.96912369736
2 43.1221573217 -8.0539029247 12.2223198755
3 50.4031289739 -3.06119488388 13.1158852826
1 41.9152136767 -3.55609572415 -2.9315459726
2 43.1945398201 -7.90229249137 12.3178195217
3 50.4028401992 -2.70139628931 13.3407223631
1 41.926781838 -3.54811783116 -2.91482169493
2 43.2771103352 -7.76274548986 12.4193164592
3 50.4014893502 -2.66952780221 13.414528147
1 41.942853895 -3.52067218944 -2.9008094477
2 43.3452610935 -7.66813449153 12.4989219881
3 50.4130643646 -2.55662944525 13.4288061357
1 41.9558489738 -3.49693480203 -2.87400091512
2 43.4065551358 -7.59533800865 12.5666951249
3 50.409843677 -2.28222604196 13.5190431949
1 41.966606806 -3.49183241463 -2.83645640535
2 43.4512028785 -7.52633521244 12.6344586305
3 50.3967803592 -2.09135502942 13.5332207631
1 41.9852383831 -3.47721252142 -2.81252311868
2 43.496111487 -7.45333604082 12.6885993829
3 50.3946302934 -1.93758567594 13.4779450834
1 42.0131746937 -3.46847678515 -2.81163531743
2 43.5703993116 -7.37434289557 12.7266202363
3 50.3989954151 -1.79378959063 13.3368366736
1 42.0338075007 -3.46581250225 -2.81275098856
2 43.6305206843 -7.30859017283 12.762293991
3 50.3621046511 -1.67472004891 13.225578718
1 42.0409768999 -3.46419268829 -2.80766283446
2 43.6667975924 -7.26168287791 12.7967260113
3 50.2588268309 -1.64503515991 13.1259697574
1 42.0423202158 -3.45807743365 -2.79367199198
2 43.7148505714 -7.20721325574 12.8070160559
3 50.196560318 -1.68764103302 12.8665607679
1 42.0506515852 -3.45597962246 -2.78116307505
2 43.7840306596 -7.15088659167 12.8103543966
3 50.2012067246 -1.73450194812 12.5422126373
1 42.0592626612 -3.46311314901 -2.78145182629
2 43.861355764 -7.12155395101 12.8065717744
3 50.2316468202 -1.68105489461 12.1135194064
1 42.0650316675 -3.4692056893 -2.78621554509
2 43.9127366459 -7.11062794467 12.8052641076
3 50.2394445051 -1.46918210605 11.5784916817
1 42.0707763732 -3.46945057801 -2.79212353826
2 43.9663787442 -7.077974398 12.8022920088
3 50.2007737902 -1.26743768123 11.0054941235
1 42.0813627422 -3.46468819409 -2.80012803431
2 44.0672260647 -7.04219900215 12.7929433798
3 50.1742585665 -1.15217683422 10.4822562883
1 42.0946152388 -3.46505971807 -2.80928088243
2 44.1504454649 -6.99516782027 12.8010139503
3 50.1887157621 -0.934466384041 9.98884690497
1 42.103821329 -3.47267645983 -2.82051912621
2 44.2092201938 -6.95821990176 12.8163458601
3 50.1579114104 -0.81166901319 9.54168206606
1 42.1038739267 -3.46892087885 -2.81925628719
2 44.2768525927 -6.92830281068 12.8074863946
3 50.1200775157 -0.838220671229 9.12362957709
1 42.1004030259 -3.45478882306 -2.81605759358
2 44.3510260076 -6.89471192535 12.7823818872
3 50.1131221849 -0.640212348138 8.66539512919
1 42.1050965895 -3.44067359843 -2.81593865315
2 44.4261667534 -6.84070599789 12.7768941195
3 50.0904075712 -0.365507320159 8.22348275269
1 42.1083638386 -3.43246981711 -2.813756572
2 44.4884682137 -6.80090276226 12.7850687724
3 49.995506148 -0.250505079733 7.7877587695
1 42.1132770062 -3.42475056443 -2.81976847478
2 44.5712182647 -6.758316527 12.7477898553
3 49.8882354899 -0.177126919297 7.2922293914
1 42.1210300207 -3.41290952333 -2.82260749055
2 44.6384331473 -6.71963244345 12.7079655414
3 49.7604563866 -0.109701280969 6.82078945323
1 42.1195579321 -3.40941024676 -2.81956186893
2 44.6764051947 -6.67955001728 12.711364551
3 49.606202675 -0.138885674031 6.41695445404
1 42.1165687081 -3.40696417193 -2.82037343571
2 44.7100062595 -6.62811539367 12.7473528746
3 49.5084795411 -0.0981089846586 6.11484964881
1 42.1188886273 -3.40439789472 -2.82550051368
2 44.7675434713 -6.58202141658 12.7540444909
3 49.413408066 -0.0935591103417 5.86229083459
1 42.122107204 -3.39531552106 -2.83460048509
2 44.8225888962 -6.5786896229 12.7211805321
3 49.3365830797 -0.162015336894 5.60830251156
1 42.1194135051 -3.38335666957 -2.83768932947
2 44.8692687952 -6.58614444344 12.6831978763
3 49.2519478895 -0.238178535927 5.45813076721
1 42.1168047279 -3.37787195848 -2.83898115907
2 44.912034755 -6.54961318339 12.6426790718
3 49.149641307 -0.293366823245 5.34876664717
1 42.1201549891 -3.36982240686 -2.85226214152
2 44.9787741993 -6.50971642236 12.6153336734
3 49.0789055592 -0.365474425112 5.16730173597
1 42.1229077175 -3.36628222447 -2.8713088837
2 45.0299999162 -6.4969078054 12.6059850337
3 48.9856041471 -0.499746330385 4.9713711067
1 42.1222609701 -3.37036705879 -2.88060569069
2 45.0279916093 -6.50440971086 12.6219861905
3 48.8545551531 -0.608067149181 4.88403702888
1 42.118233616 -3.37112476266 -2.88126115113
2 45.0206454606 -6.49284229131 12.6484113672
3 48.7572000944 -0.630230391237 4.82376280678
1 42.1145509119 -3.36336574345 -2.8772382255
2 45.02833588 -6.47622770487 12.6517209945
3 48.7041765026 -0.623669438169 4.72251546621
1 42.114 -3.35968632141 -2.87616001505
2 45.0424979704 -6.47130446901 12.6401045864
3 48.6621001593 -0.63373258812 4.62860631188
1 42.114558883 -3.35892618088 -2.87920064758
2 45.0595691685 -6.46872648684 12.6238729569
3 48.6164511526 -0.664974659724 4.52649651236
1 42.1155736697 -3.35713854515 -2.88179028518
2 45.0798925372 -6.47069538466 12.5968352593
3 48.5401633464 -0.678376768567 4.42324305668
1 42.1171403742 -3.35658837008 -2.88345736273
2 45.1035093332 -6.47207775741 12.5790252751
3 48.4513658258 -0.700219328364 4.35713507287
1 42.1166465642 -3.35737844651 -2.88602875228
2 45.1177570379 -6.46474155141 12.5762807096
3 48.3989496781 -0.74309698192 4.31562353283
1 42.1144271756 -3.35537068716 -2.88701559704
2 45.1222729187 -6.45221147558 12.5825311489
3 48.3800118502 -0.729246394694 4.3032524211
1 42.114 -3.35313456615 -2.8885170001
2 45.1253278029 -6.4449162444 12.5899887221
3 48.3597337473 -0.711102166317 4.28554475633
1 42.114 -3.35430572632 -2.89421816275
2 45.129783331 -6.45118084116 12.5832174982
3 48.3515655145 -0.700417249082 4.24941170901
1 42.114 -3.35718594034 -2.89961071669
2 45.1343763596 -6.45622472689 12.5733255982
3 48.3432806175 -0.692244457923 4.21496902255
1 42.1148712477 -3.35691094034 -2.90306857902
2 45.1390571135 -6.45702282428 12.5698003026
3 48.3257949083 -0.707980373348 4.18887986583
1 42.1171754189 -3.35324614526 -2.9030022448
2 45.1441065483 -6.45351947376 12.5705430946
3 48.3195386283 -0.720682404156 4.18054934052
1 42.118286064 -3.34991124772 -2.90043297098
2 45.1461732454 -6.4510857837 12.5735613695
3 48.3218663864 -0.71496347614 4.18861399586
1 42.1209074038 -3.34943014131 -2.89981889358
2 45.1472766952 -6.451 12.5780933952
3 48.324535862 -0.709674723396 4.19771877097
1 42.1251160916 -3.34967143162 -2.89778727348
2 45.1475207607 -6.45084792191 12.5835728194
3 48.3291006797 -0.705192752725 4.20933958155
1 42.1298754416 -3.34556644391 -2.89268594034
2 45.1462631724 -6.4483735187 12.5955095837
3 48.3415416488 -0.696417275498 4.2364766057
1 42.1376967811 -3.33978594382 -2.88413484501
2 45.1310752292 -6.44670610774 12.6203836562
3 48.3805365149 -0.675035709047 4.32038977067
1 42.1457249764 -3.33710705557 -2.87361061614
2 45.0929883594 -6.44880256804 12.6454084999
3 48.4821144024 -0.641074271265 4.55494196257
1 42.1524494371 -3.33764478941 -2.86699948052
2 45.0496320004 -6.46150393758 12.669478005
3 48.6296993536 -0.657354162147 4.91270767889
1 42.1602779442 -3.32881876032 -2.86492877353
2 44.9970285492 -6.5015780568 12.706388125
3 48.7798971888 -0.62455270969 5.21825842904
1 42.1664173361 -3.31776470659 -2.86090002899
2 44.9329161933 -6.54145366141 12.7423218955
3 48.9083240617 -0.594210577208 5.49311948444
1 42.1707122883 -3.31798689852 -2.84763414989
2 44.8475368527 -6.58289962048 12.7810257131
3 48.9949387714 -0.615439791396 5.73735806465
1 42.1694353885 -3.31506527172 -2.82808630952
2 44.7776827632 -6.63969382708 12.768572992
3 49.0710356752 -0.578290938744 5.96558700276
1 42.1688898449 -3.31514461207 -2.82588777165
2 44.7572145872 -6.69319385075 12.7164602649
3 49.1663078354 -0.569919973744 6.15570602135
1 42.1708930223 -3.31754246453 -2.82669536172
2 44.7345780811 -6.74180904404 12.6993030278
3 49.2591471463 -0.59564903477 6.40648663803
1 42.1737720645 -3.32930349357 -2.83337744097
2 44.6928742514 -6.78394495552 12.6939563079
3 49.3596545217 -0.65918331682 6.73591135951
1 42.1710331368 -3.34760888798 -2.85469817807
2 44.6394937229 -6.85962799309 12.6770201288
3 49.4632076662 -0.752778317102 7.04418167763
1 42.1582239412 -3.34843621161 -2.86871948971
2 44.5853150175 -6.93967027239 12.6548832668
3 49.5909912719 -0.83303464089 7.39553894148
1 42.1457389874 -3.33957080464 -2.86963167991
2 44.5307491581 -7.00254244666 12.6655669644
3 49.7032663659 -0.979216005239 7.8507826774
1 42.1368476663 -3.34714039978 -2.87247517041
2 44.4503379438 -7.08399087323 12.6621651362
3 49.7519177665 -1.16286853827 8.30371262612
1 42.1256694695 -3.36974665272 -2.89524665272
2 44.3945164789 -7.16369227805 12.5932454836
3 49.8098129682 -1.25544843624 8.66097734931
1 42.1215454838 -3.38280469613 -2.91120361366
2 44.3654526326 -7.21708264478 12.5492639768
3 49.8614639493 -1.37801213733 8.9083938806
1 42.1151737268 -3.39020375297 -2.91446478568
2 44.3084525648 -7.25750958528 12.5662159619
3 49.8472433806 -1.44686131127 9.19818765511
1 42.1006738202 -3.39300737317 -2.90699027986
2 44.2427686919 -7.26243134502 12.609310187
3 49.8331970299 -1.4630046935 9.52726128768
1 42.0927177282 -3.39182628621 -2.89955646397
2 44.2047851207 -7.26526461943 12.5962946459
3 49.8559356065 -1.45244972436 9.79427742468
1 42.0919636069 -3.39163486282 -2.90243654934
2 44.1873224287 -7.29473086532 12.551229551
3 49.9223970559 -1.43186724488 10.0143138277
1 42.0906724268 -3.39693387421 -2.90775166504
2 44.1621182939 -7.33546719541 12.5300696151
3 50.0349174293 -1.39430394725 10.2543336077
1 42.0884381936 -3.40545425437 -2.9111135761
2 44.1335259974 -7.35568751412 12.5350730809
3 50.1177212151 -1.39903997879 10.4842413497
1 42.088099821 -3.41290245382 -2.91388530203
2 44.1136810541 -7.37826282744 12.5232302819
3 50.1751938863 -1.40285123531 10.6393177848
1 42.0898534454 -3.41325841631 -2.9172294951
2 44.095634675 -7.4081794667 12.5016347108
3 50.2696919961 -1.39454359507 10.8071925651
1 42.0917130533 -3.4147593391 -2.91807278618
2 44.0738313497 -7.44240283929 12.4945331313
3 50.3400126757 -1.45829341494 11.0846840138
1 42.0903706968 -3.41918822028 -2.92027501054
2 44.0487859895 -7.4734980294 12.4926501746
3 50.3946701902 -1.47408996607 11.3986922644
1 42.0882524609 -3.41728523507 -2.92484563962
2 44.0237083179 -7.51727140797 12.4729117547
3 50.4495066866 -1.45947620185 11.6465334577
1 42.0862435488 -3.41056536895 -2.92547062442
2 43.9947837609 -7.56941374507 12.4516550388
3 50.478984125 -1.50662466919 11.8133450405
1 42.0829151767 -3.41612051528 -2.92779339556
2 43.9581128026 -7.62652281203 12.4414070202
3 50.4884064835 -1.58235327246 11.9694428196
1 42.0799822374 -3.42379035095 -2.93294264282
2 43.9277056713 -7.67418731968 12.4123567207
3 50.4923469088 -1.61725188357 12.1398543065
1 42.0770772853 -3.42764190172 -2.94217943851
2 43.9155039882 -7.70300010237 12.3829800142
3 50.498352251 -1.64577597236 12.3426943568
1 42.074791135 -3.4345840088 -2.95269774575
2 43.9028423975 -7.73612048723 12.3662602215
3 50.4938443887 -1.72843474641 12.4759786614
1 42.0727833333 -3.44332993612 -2.94937787244
2 43.8729884266 -7.77098986391 12.3596627487
3 50.4957679294 -1.820341941 12.5600830021
1 42.0706960697 -3.4494814474 -2.94721852471
2 43.834478824 -7.80155793302 12.3527298484
3 50.4982093013 -1.88431169031 12.669374389
1 42.0692620856 -3.44855524139 -2.94768952634
2 43.8025611071 -7.83543724876 12.3285123104
3 50.50669782 -1.92512186906 12.8190742693
1 42.0669579144 -3.45052862998 -2.94628805654
2 43.780309084 -7.86520188022 12.3044629766
3 50.501801195 -1.93813132226 12.9755268027
1 42.066 -3.4580871481 -2.93976647864
2 43.7505633057 -7.88262275231 12.3012245855
3 50.487354099 -2.01610838479 13.116638384
1 42.0654005274 -3.45842224988 -2.93406836739
2 43.7158432533 -7.90893266624 12.2950323936
3 50.4847083912 -2.15540443991 13.2137697003
1 42.0603214988 -3.45301958726 -2.93278623166
2 43.6980831221 -7.93355169974 12.272514809
3 50.4823756226 -2.18968947658 13.2620522527
1 42.0506321881 -3.45138845884 -2.93220758232
2 43.6868530181 -7.95106980809 12.2632196183
3 50.4605959065 -2.24173405583 13.3335341841
1 42.0405640403 -3.45343013985 -2.93464239791
2 43.6554739191 -7.9739415981 12.2576489474
3 50.4568904891 -2.34047396826 13.3926870579
1 42.0303009014 -3.45702594783 -2.94428663945
2 43.6136769277 -7.99793133666 12.2409791638
3 50.4589838834 -2.37717186313 13.4292325707
1 42.0177251334 -3.45969126618 -2.95273614709
2 43.5908888453 -8.02335551253 12.2170629109
3 50.4578469108 -2.36667606237 13.4695105519
1 42.0016049167 -3.46332059722 -2.95584274924
2 43.5776807558 -8.05184537244 12.1936184633
3 50.4537915934 -2.38899524991 13.5131197058
1 41.9830195419 -3.47278871875 -2.9624813896
2 43.5514300867 -8.07738284896 12.1801335358
3 50.4493549209 -2.46698607052 13.5717489531
1 41.9634122995 -3.4816133289 -2.97309348352
2 43.51695957 -8.10355422544 12.1487912862
3 50.4503106737 -2.55887317043 13.643969944
1 41.94347931 -3.48531713709 -2.99324232741
2 43.5010625709 -8.13012436891 12.1189335419
3 50.4593390487 -2.59474003043 13.702459481
1 41.9253357221 -3.48827988159 -3.00406491343
2 43.484834322 -8.1529453027 12.1041384429
3 50.4542058344 -2.68207502648 13.7587064934
1 41.9055407338 -3.49868129028 -3.00643419897
2 43.4600173728 -8.17063791346 12.098090779
3 50.4441139437 -2.77700677846 13.794942861
1 41.8919104348 -3.50962697123 -3.01476486414
2 43.4392954158 -8.18611434735 12.0805757844
3 50.4494570439 -2.81558663855 13.8038832264
1 41.8842333233 -3.51668823871 -3.02504149975
2 43.424727797 -8.19984516805 12.0575994977
3 50.4540915086 -2.82888745709 13.7984861336
1 41.8736717534 -3.52550611316 -3.03110212982
2 43.4160958554 -8.20014759822 12.0533634881
3 50.450412607 -2.86160093197 13.8142828102
1 41.8612759473 -3.52907422724 -3.036509758
2 43.4100536649 -8.19260370962 12.054428213
3 50.4409608252 -2.92606878812 13.8517083218
1 41.8517395907 -3.52834536273 -3.04304369466
2 43.4054352683 -8.18839824318 12.0457220596
3 50.4331276145 -2.98794643515 13.8749491015
1 41.8468345521 -3.52723480527 -3.04936847712
2 43.4015758288 -8.19456369484 12.0416144448
3 50.4453096122 -2.99524918354 13.8913902959
1 41.8399568502 -3.52666030757 -3.05369390119
2 43.4028884088 -8.20062039125 12.0388612104
3 50.4575089508 -2.97791477899 13.9233389241
1 41.8301975946 -3.52761883576 -3.05955469721
2 43.4018551317 -8.19317773467 12.0265275032
3 50.4576850496 -2.96742590443 13.9506712023
1 41.8233966071 -3.52681581373 -3.07037152556
2 43.3985083721 -8.18479540078 12.004513955
3 50.4585446976 -2.97419384393 13.9619252507
1 41.8184374747 -3.5233907303 -3.08657931929
2 43.4019784394 -8.18181867902 11.9930933595
3 50.4677467032 -2.98362263131 13.96716766
1 41.8125177542 -3.51968537978 -3.0965679404
2 43.4021039802 -8.18424665489 11.9915183378
3 50.4704457175 -2.98732982165 13.9870965399
1 41.8053790597 -3.51406764643 -3.1023025259
2 43.4032943131 -8.18682691852 11.9850680626
3 50.4649781508 -2.9856726653 14.015311944
1 41.8002535063 -3.51054674183 -3.11248824484
2 43.4072983218 -8.18478106442 11.9737576734
3 50.4721884977 -2.99667122574 14.0219303694
1 41.7969697315 -3.50961259694 -3.12032603445
2 43.4074408631 -8.1860780312 11.963861749
3 50.4831343553 -3.01579643332 14.0171129232
1 41.7935620342 -3.50827167611 -3.12410260701
2 43.4071621505 -8.18703446683 11.9585140312
3 50.4858030787 -3.01934763293 14.0297618345
1 41.7905039696 -3.50613791439 -3.12585657118
2 43.4107468646 -8.18060740534 11.9539017461
3 50.481901101 -2.99927660794 14.0488164213
1 41.7872444 -3.50566666667 -3.12956563834
2 43.4130818205 -8.17497313217 11.9489243057
3 50.4808147574 -2.99058682392 14.0517815286
1 41.7838476317 -3.50520258812 -3.13261689647
2 43.411066174 -8.17380787556 11.9429124643
3 50.4824079292 -2.98871392 14.0511253122
1 41.7805057027 -3.50354580058 -3.13350025174
2 43.4078623143 -8.171724696 11.9410489054
3 50.481465837 -2.98045531093 14.0560761
1 41.7757515094 -3.50052363175 -3.13465748498
2 43.4086150053 -8.1682127557 11.9378925328
3 50.4794694724 -2.97075279518 14.06368657
1 41.7717296567 -3.49819883796 -3.13701146523
2 43.410690683 -8.16861480392 11.9310879386
3 50.4842495072 -2.98188416866 14.0631879385
1 41.7700487523 -3.498 -3.14050944277
2 43.4087268642 -8.16996360691 11.9272876334
3 50.4883963078 -2.99972903829 14.0614183403
1 41.767744581 -3.49713541894 -3.1403108232
2 43.405215568 -8.16891927368 11.9274621834
3 50.4813650724 -2.99862681572 14.0699090457
1 41.7669521691 -3.49483124772 -3.13908021908
2 43.4030744976 -8.16603905966 11.9307522586
3 50.4786037201 -2.99651907863 14.0808387756
1 41.7662688451 -3.49450038269 -3.14108208561
2 43.4020267749 -8.16586405966 11.932515095
3 50.4823071386 -3.00131789768 14.0841670493
1 41.7659660659 -3.49611253728 -3.142
2 43.4003620856 -8.16871827862 11.9333103315
3 50.4839249093 -3.01236605247 14.0864489395
1 41.7656336794 -3.49645290224 -3.142
2 43.3975569238 -8.16850217452 11.9360723754
3 50.4833076246 -3.01790147366 14.0915253976
1 41.764069862 -3.49451124772 -3.142
2 43.3965507883 -8.16563905966 11.9392496983
3 50.4818237168 -3.01777367 14.0958024796
1 41.7630197562 -3.494 -3.142
2 43.3943017107 -8.1644932531 11.9424061344
3 50.4782256715 -3.01330265972 14.0986726181
1 41.763 -3.494 -3.14164627787
2 43.393533426 -8.15933403497 11.9465458018
3 50.4740132212 -3.00935230124 14.1038243068
1 41.7626890148 -3.494 -3.13952585291
2 43.3920710573 -8.15193421601 11.9532199734
3 50.4699541072 -3.00593333333 14.1095200556
1 41.761922393 -3.494 -3.13885522797
2 43.3884959652 -8.14689896873 11.9565497979
3 50.469069035 -3.00106934568 14.1138922864
