1 38.6088269312 -4.36459855154 -4.74409244188
2 45.1369039588 -3.92616933816 9.50238316991
3 51.3127657604 1.94118133559 11.9219517133
1 38.5901751557 -4.35783218789 -4.76984858034
2 45.2065304304 -3.81177495072 9.38087779122
3 51.3597862702 2.13229538817 11.9263051011
1 38.5768329041 -4.34896860104 -4.79227050456
2 45.2639231437 -3.71870051346 9.29264736832
3 51.4160269527 2.25199933905 11.8824732742
1 38.5691720279 -4.32832009794 -4.80046306109
2 45.2953603202 -3.65513003794 9.24639123522
3 51.4489847516 2.33676938598 11.8240594162
1 38.5645117155 -4.3175727278 -4.80721498229
2 45.3073830142 -3.60968691918 9.22793506203
3 51.4650615051 2.40438205778 11.7747695356
1 38.5589081793 -4.31533838349 -4.83930910916
2 45.3179716748 -3.57697275103 9.20138151795
3 51.4904525244 2.4225811698 11.7159673797
1 38.5486714566 -4.30174490144 -4.86606698189
2 45.3279550547 -3.54298125186 9.17394635787
3 51.4966604116 2.46235988193 11.669641843
1 38.5373001644 -4.29419825751 -4.88544755512
2 45.327630448 -3.52118006348 9.15194352182
3 51.4885777333 2.49147334916 11.653971855
1 38.5216403033 -4.28963071141 -4.89219594086
2 45.3155354731 -3.52247984981 9.14167726779
3 51.4693934421 2.46968839346 11.6571490542
1 38.4955199073 -4.28958254934 -4.90364888106
2 45.2739945714 -3.58426585513 9.12018232306
3 51.4019347915 2.32484096792 11.6525147004
1 38.4354953654 -4.2994580109 -4.94135721805
2 45.1790893904 -3.77958522229 9.05190296179
3 51.3567612273 2.06892476894 11.603807657
1 38.363083301 -4.32021039745 -4.97772033277
2 45.1129272419 -3.99435869773 9.02878270037
3 51.3505414449 1.8310683252 11.629199443
1 38.2893223345 -4.35745658729 -5.01758947082
2 45.047871936 -4.14392618161 9.02180187892
3 51.3085418731 1.66867438577 11.7055538
1 38.2300506083 -4.38334936073 -5.0534142791
2 44.9420255011 -4.3495114052 8.95245125702
3 51.2891983712 1.51967513458 11.7138031292
1 38.1622985327 -4.39311853843 -5.07909305909
2 44.8190506693 -4.65576223127 8.85450472388
3 51.2923923693 1.4100522919 11.6945102046
1 38.0798710739 -4.41645379398 -5.10242825289
2 44.7117894316 -4.94368815457 8.80968768753
3 51.2988358164 1.28268048859 11.6828144358
1 38.002529236 -4.43837824184 -5.12653898958
2 44.6102459872 -5.16677836132 8.77510383617
3 51.3031409877 0.968824909715 11.6861208621
1 37.9498981795 -4.45286791412 -5.14918805529
2 44.5265916272 -5.33799014694 8.72831923752
3 51.3223628976 0.32788793336 11.7096943592
1 37.9027507724 -4.49547137303 -5.19249941233
2 44.4434694423 -5.53992969777 8.68694749482
3 51.3545011124 -0.407315217597 11.7118366401
1 37.8602198262 -4.53713148297 -5.21223159375
2 44.3408916546 -5.75051906448 8.68254886771
3 51.3805223999 -0.943890432153 11.7393518773
1 37.8047822557 -4.56312491683 -5.22065557065
2 44.2114366501 -5.93154455019 8.64950182677
3 51.3780920575 -1.36362375732 11.7546836429
1 37.7524349274 -4.57492299994 -5.22263975117
2 44.1125121142 -6.13608097308 8.57374366146
3 51.3886584811 -1.75698222129 11.7710850945
1 37.7111526808 -4.60009992072 -5.25134820298
2 44.0054182122 -6.31808902477 8.54533496782
3 51.437399261 -2.28450733113 11.7249291707
1 37.6560254189 -4.62106675117 -5.26027637696
2 43.8941075604 -6.50413338257 8.52698305451
3 51.4209511622 -2.69677331247 11.7614007988
1 37.5983848142 -4.64782900999 -5.28114010636
2 43.8225995887 -6.69557680482 8.4611284749
3 51.3788109591 -3.19888897382 11.8558681043
1 37.5637987702 -4.67334483977 -5.34153968538
2 43.7688015363 -6.88176273421 8.35043238931
3 51.4296638557 -3.55789525666 11.7713912574
1 37.5385425811 -4.68589163897 -5.39618096703
2 43.7088135802 -7.0502381101 8.24048266284
3 51.4827855162 -3.74236310093 11.639367644
1 37.5213132972 -4.66425824886 -5.41672471699
2 43.6185855165 -7.21208048461 8.17502981955
3 51.4528105796 -4.0842030184 11.5576459177
1 37.5024616696 -4.64919283047 -5.45752472678
2 43.5517967121 -7.41449269543 8.06881726927
3 51.4210415607 -4.50380232708 11.4437345058
1 37.4906696631 -4.62725086375 -5.53611885895
2 43.5467403231 -7.62218015196 7.89182674435
3 51.4477083214 -4.99133763452 11.2388286076
1 37.4875690685 -4.59586980724 -5.62298754244
2 43.5532714352 -7.82725678735 7.65881640053
3 51.492163508 -5.59310559138 11.0255622021
1 37.475502879 -4.54570805441 -5.68639468177
2 43.5527717392 -8.05813703534 7.43712858749
3 51.4784476929 -6.20471796646 10.9015975874
1 37.4630728384 -4.49132047203 -5.76048537375
2 43.5736411563 -8.24470956091 7.16297416269
3 51.4620107684 -7.00224720574 10.7029693699
1 37.4572707459 -4.4420939833 -5.85841049178
2 43.6076522924 -8.41120442966 6.8461089612
3 51.4908219712 -7.74278144046 10.436656614
1 37.4546055398 -4.36297339683 -5.95466494994
2 43.6673033443 -8.58607088197 6.49058896443
3 51.5367890114 -8.4534774327 10.1220322118
1 37.4518995354 -4.26637959262 -6.03360753873
2 43.7270983276 -8.72626485309 6.13576901557
3 51.6022218702 -9.21976829287 9.7139852537
1 37.4422808819 -4.15151764055 -6.10610103464
2 43.7789920904 -8.91523378983 5.76697173512
3 51.7368969735 -9.6772692296 9.27791912407
1 37.4441931562 -4.04162191707 -6.19309773448
2 43.8415446091 -9.11449937163 5.37512896452
3 51.7526364463 -10.0662469686 8.79660403407
1 37.4559865662 -3.94329491726 -6.27860787593
2 43.923988265 -9.22179683677 5.0181821728
3 51.5811051049 -10.8244859107 8.34074127584
1 37.4561754749 -3.84673446447 -6.34390606734
2 43.9994663223 -9.30575713116 4.66805285872
3 51.2666836554 -11.8807997493 7.93163371901
1 37.4673814928 -3.74860593233 -6.41589086254
2 44.0690975441 -9.38066660029 4.28272378567
3 51.4425571269 -12.0329914279 7.46838380904
1 37.4909701742 -3.64849488853 -6.4810450432
2 44.1562543849 -9.47849306006 3.92264639702
3 51.591187674 -12.0026383312 6.87892881125
1 37.5240615376 -3.56557387348 -6.53530141754
2 44.2328878884 -9.58266516742 3.56673781137
3 51.2012758255 -12.9410164656 6.091276534
1 37.5585939109 -3.46307693772 -6.56056346507
2 44.3162269009 -9.63788719973 3.23946484047
3 50.9095155577 -13.5179364438 5.41459681956
1 37.6089292432 -3.36504322838 -6.62834480084
2 44.4043343669 -9.68979249818 2.90366686921
3 50.8535333506 -13.7939438584 4.71277049689
1 37.6640662988 -3.27736792763 -6.67984193541
2 44.4781096094 -9.73241533301 2.55111091196
3 50.855556426 -14.0312446479 3.95614592697
1 37.6992551786 -3.18348618423 -6.70776990292
2 44.5463431854 -9.78815534472 2.22079135955
3 50.8230548527 -14.1707615533 3.27656593872
1 37.7117415561 -3.08341172742 -6.72409790593
2 44.5998333866 -9.86215238026 1.90299528717
3 50.7001916684 -14.3566607995 2.60216801367
1 37.7201347153 -2.98819026727 -6.7725207286
2 44.67112433 -9.9355996433 1.5425248919
3 50.6893415062 -14.5198367496 1.95927626894
1 37.7248522963 -2.90034593487 -6.83905870678
2 44.7624753093 -9.98911845481 1.15157473344
3 50.7462533769 -14.516317851 1.34603458252
1 37.7180713563 -2.82327705049 -6.90100007781
2 44.8509686273 -10.0132346795 0.743162733355
3 50.7453713387 -14.5280365722 0.652024391138
1 37.6941828435 -2.73247893875 -6.95658114994
2 44.9518622445 -9.97573592892 0.353821458686
3 50.6829870034 -14.5396915492 -0.102454984957
1 37.6818542738 -2.62969263519 -7.01644502628
2 45.0467055995 -9.94481745995 -0.053933143227
3 50.6395350702 -14.5397468443 -0.919147717314
1 37.6868059819 -2.53302483025 -7.07250288443
2 45.1721139794 -9.88864347904 -0.482808539921
3 50.5730949522 -14.512625646 -1.84516820942
1 37.669060315 -2.43131911447 -7.11361073685
2 45.3154455812 -9.82062499422 -0.949977098645
3 50.4399980743 -14.5238419548 -2.88091989656
1 37.6541128751 -2.34450608751 -7.16871547017
2 45.442239534 -9.75883466238 -1.42131796558
3 50.3784263132 -14.4625763915 -3.74065936874
1 37.6286648526 -2.2682018174 -7.21161546603
2 45.5236043051 -9.75865965054 -1.83727201145
3 50.3197463389 -14.3378392591 -4.4749880752
1 37.6034493492 -2.18924685539 -7.23788962778
2 45.5803366734 -9.71401845808 -2.16264345017
3 50.2595896769 -14.1819475668 -5.22054784008
1 37.5758227517 -2.11806777489 -7.25453322987
2 45.6018851367 -9.61228139558 -2.42358299236
3 50.2206561898 -13.9583688938 -5.94168253426
1 37.5413161415 -2.05065902845 -7.29798662465
2 45.6312460485 -9.48196498351 -2.88021623227
3 50.221843401 -13.7224295361 -6.64555549802
1 37.5100198005 -1.97272996133 -7.34514622893
2 45.6844787904 -9.27119229195 -3.44197047225
3 50.2176388827 -13.4451539433 -7.35778709574
1 37.4876216832 -1.89561553327 -7.36072925354
2 45.7302839611 -9.08917869132 -3.86642224178
3 50.2095367602 -13.0602866714 -8.08934966204
1 37.4510057499 -1.82875690316 -7.37223285261
2 45.7595570485 -8.91779327146 -4.29612123205
3 50.1931830929 -12.5633762967 -8.87729472561
1 37.42397964 -1.76005204982 -7.38051312911
2 45.7962740354 -8.6584914861 -4.7244659971
3 50.1824609597 -11.9486217553 -9.7165587401
1 37.3943161036 -1.69084971821 -7.3828626818
2 45.8792965718 -8.37680254931 -5.1031366356
3 50.1569359177 -11.2998785766 -10.5577424636
1 37.3778709187 -1.62780781418 -7.37779897902
2 45.9383165423 -8.1782492075 -5.44980253834
3 50.0944604975 -10.6816093833 -11.3251220436
1 37.3630345744 -1.57091997203 -7.37913372567
2 45.9606648774 -8.01203945101 -5.7239170093
3 50.0083033273 -10.101137334 -12.0225605259
1 37.3442562374 -1.52011882238 -7.38783993926
2 45.9960074964 -7.84362992045 -5.91303714486
3 49.9473807777 -9.59700174818 -12.6512542443
1 37.3196677081 -1.46082700019 -7.38638966471
2 46.0622396081 -7.58106971515 -6.1462565383
3 49.8813670384 -9.05941493259 -13.1495730764
1 37.3023696251 -1.40721791701 -7.3797668837
2 46.1772411549 -7.07344914732 -6.59240270961
3 49.8394027661 -8.47532234765 -13.5349416162
1 37.2872753612 -1.35481688452 -7.37208764401
2 46.2835142521 -6.60172090307 -7.02409008732
3 49.7929856173 -8.05803496427 -13.8703321466
1 37.2741674627 -1.31322744628 -7.39388676168
2 46.3625318236 -6.27609826885 -7.31442405422
3 49.7541179955 -7.66574275051 -14.1963395837
1 37.2565219644 -1.26299237863 -7.41099010558
2 46.415185198 -5.95433873471 -7.55300948219
3 49.7472561908 -7.1453498553 -14.4925835594
1 37.2420552019 -1.22173497423 -7.41449746314
2 46.4486180335 -5.67035315843 -7.74247774903
3 49.7048391102 -6.48937505633 -14.8602360285
1 37.2204222288 -1.17476464668 -7.42133513772
2 46.4744324552 -5.37977160354 -7.88368911071
3 49.6210368485 -5.72395115663 -15.283913757
1 37.1923607687 -1.12623808384 -7.42574692907
2 46.4940809765 -5.04597239843 -8.03396983159
3 49.5504149789 -4.98170682819 -15.6431786646
1 37.1660766315 -1.10246659272 -7.43593049234
2 46.5085676086 -4.68126657312 -8.20146324804
3 49.5174417143 -4.4514330239 -15.9191761623
1 37.1532280204 -1.07882993721 -7.43283710913
2 46.531134701 -4.32675484149 -8.33947734626
3 49.5029845889 -4.01073463486 -16.0946860415
1 37.1465319858 -1.05256442822 -7.43870185802
2 46.5643198216 -3.95778803955 -8.47118401862
3 49.4976911755 -3.52685226322 -16.2478821349
1 37.1299041479 -1.03585031864 -7.45132823328
2 46.5974178164 -3.59316117645 -8.59957347266
3 49.4811048031 -2.96422829063 -16.4220828185
1 37.1171233794 -1.00801498841 -7.4400192587
2 46.6300549136 -3.2441855589 -8.70438443092
3 49.4409372342 -2.32384051393 -16.5695568898
1 37.1183766764 -0.978483290964 -7.43478597351
2 46.647821538 -2.90289885426 -8.79827630559
3 49.3840691028 -1.69468918539 -16.7111429953
1 37.1264788161 -0.953297296556 -7.45277280277
2 46.6442811611 -2.54228602813 -8.91499590207
3 49.3379016181 -1.08256727323 -16.8802207974
1 37.1383601633 -0.934273510136 -7.46397945036
2 46.6265672502 -2.22021836374 -9.06854384343
3 49.2993341125 -0.439987170885 -17.0322720463
1 37.1616380666 -0.902187088133 -7.47216495193
2 46.6270038033 -1.94656479202 -9.17362393471
3 49.2121424793 0.17212246477 -17.1630741885
1 37.1632372957 -0.890256748883 -7.48829894147
2 46.6375389824 -1.53919485317 -9.22237191686
3 49.1332398024 0.810321441033 -17.2545078723
1 37.1420283725 -0.881829572301 -7.51633896771
2 46.6416778673 -1.08776691329 -9.26642333211
3 49.0860609756 1.49883917039 -17.2764897959
1 37.1313034648 -0.852332512375 -7.53223748571
2 46.6500373628 -0.753398562511 -9.27846533428
3 49.0797963209 2.21006604581 -17.2728779281
1 37.1314646508 -0.812678525463 -7.54659275416
2 46.6612802487 -0.449513071635 -9.26393741802
3 49.0467398886 2.92266509701 -17.2390208841
1 37.1484733764 -0.76635505712 -7.56156738399
2 46.6736158525 -0.107546240267 -9.23581393765
3 49.0072083836 3.57391965189 -17.2145130867
1 37.1796556507 -0.732193992814 -7.58999311017
2 46.7021495917 0.225288757151 -9.21503006101
3 48.9699076757 4.14620935129 -17.1724075754
1 37.2052345291 -0.673962411882 -7.5913642071
2 46.741096673 0.571894713095 -9.18824600551
3 48.9270014417 4.63106023505 -17.146953626
1 37.2175024221 -0.623409148062 -7.59251201763
2 46.7475695022 0.959872018593 -9.14339293003
3 48.9019533871 5.18500200768 -17.0610546648
1 37.244343333 -0.579402572472 -7.60996493147
2 46.7290636783 1.28378329607 -9.11979508013
3 48.8375165275 5.67431668477 -17.028809456
1 37.2659469092 -0.515488590116 -7.65574576978
2 46.7456898417 1.68036384667 -9.0808232463
3 48.7618850661 6.25161415557 -16.9865153028
1 37.2658405666 -0.463456021123 -7.69220251975
2 46.7486498022 2.03559923663 -9.07868447963
3 48.6876574844 6.89359427646 -16.9024666788
1 37.2634212977 -0.436977176406 -7.71148258831
2 46.7250152415 2.15777954294 -9.11235497981
3 48.5173330247 7.22836013569 -16.9864646837
1 37.264345913 -0.396743095368 -7.72187325173
2 46.7122115511 2.29221698987 -9.09778781433
3 48.3608345204 7.55639170031 -17.0159150751
1 37.2700976196 -0.349305666258 -7.75436955135
2 46.7130953701 2.64619012923 -9.02544758376
3 48.3292060879 8.03520699918 -16.8394625631
1 37.2858043841 -0.325264237867 -7.78908310269
2 46.679515317 2.89762191599 -9.04245626023
3 48.2971660152 8.34021521904 -16.764219564
1 37.3025163718 -0.286558462122 -7.79386377526
2 46.6490823919 2.97425816646 -9.04366194612
3 48.2016229563 8.55979491701 -16.7717805361
1 37.3281077942 -0.23968544207 -7.81898423518
2 46.6725044596 3.1608657494 -8.9367245081
3 48.1737986556 9.03622093597 -16.6205030244
1 37.3612921574 -0.201385559047 -7.84520260133
2 46.7245817912 3.48683538325 -8.76034696439
3 48.1168077834 9.56515022822 -16.468649002
1 37.3911466894 -0.157742538111 -7.8422999651
2 46.7761773097 3.77310974565 -8.52706951962
3 48.0500059557 10.0943270307 -16.1989906748
1 37.4150411255 -0.128860167989 -7.83867642328
2 46.8079121209 3.93879495858 -8.32976545178
3 48.066830413 10.6247803668 -15.7292378374
1 37.4608904734 -0.0923511731173 -7.84915511001
2 46.8796169407 4.25258456066 -8.00061036484
3 48.1668028085 11.10471745 -15.2984165748
1 37.5065248051 -0.0839455754649 -7.88062744218
2 46.9395418848 4.49964783166 -7.70887162728
3 48.2729894019 11.4370420945 -14.9564992201
1 37.5430373954 -0.0794867196786 -7.87639553439
2 46.9978823026 4.64403981557 -7.43200688112
3 48.3182529397 11.6573880325 -14.6563391301
1 37.5855320737 -0.053057044139 -7.84295570471
2 47.082214177 4.99457439207 -6.85761451333
3 48.4395130144 12.1061983337 -14.0538052774
1 37.6299281528 -0.0420125762077 -7.85368483592
2 47.1483076842 5.20628076521 -6.41274230149
3 48.6344917913 12.7109801159 -13.1708333835
1 37.6885548726 -0.0182831464555 -7.86673817154
2 47.198654506 5.30692932129 -6.12910339238
3 48.7704153408 13.2330424333 -12.4587807127
1 37.7648544758 0.0359312426724 -7.85949218816
2 47.2592859042 5.54173817599 -5.69176098182
3 48.9166623045 13.9041359637 -11.7000424913
1 37.8231358589 0.0428911330762 -7.86933090289
2 47.2806159021 5.68572564845 -5.24835895211
3 49.0994343101 14.1358470383 -11.047292316
1 37.8784518447 0.0677170454583 -7.86769324898
2 47.3070085309 5.8456128194 -4.83598385038
3 49.2397147848 14.1306172688 -10.588959629
1 37.9455141045 0.0953546814804 -7.87002186597
2 47.3496532718 6.09731042044 -4.33100535732
3 49.4345748948 14.2865264049 -9.89580245997
1 38.0147250409 0.117488899235 -7.85884928484
2 47.3740736638 6.29147102198 -3.76142472895
3 49.621325425 14.4984917595 -8.99020030411
1 38.0871825502 0.143037167469 -7.83261631476
2 47.396312738 6.41813929932 -3.23016761311
3 49.7492676065 14.7698140048 -8.04660853605
1 38.165078952 0.187851307744 -7.81261409176
2 47.3679755341 6.59036970148 -2.80913983385
3 49.7725604748 15.1252920034 -7.30709316141
1 38.2385975921 0.219811391453 -7.80692589225
2 47.3407794715 6.7564239017 -2.41842400934
3 49.7661578277 15.5394248789 -6.70315827203
1 38.3045242258 0.245435181368 -7.79446420957
2 47.3352876379 6.82042240304 -2.04493537074
3 49.7863513549 15.784086618 -6.17685844503
1 38.3644585565 0.258651358777 -7.78229585185
2 47.3112581117 6.85610096682 -1.68934600312
3 49.8584110605 15.959307238 -5.5729656739
1 38.431851616 0.270171741468 -7.78651841565
2 47.2865038691 6.89091568661 -1.38593844396
3 49.9367040622 16.0675571213 -4.94299846063
1 38.4900243913 0.287584561117 -7.78690834164
2 47.2713028852 6.90252659031 -1.05841240401
3 49.971394986 16.276093124 -4.09896749902
1 38.5498691404 0.308267108433 -7.74600317425
2 47.2084433295 6.95071404572 -0.662692126301
3 49.8891289614 16.3661384186 -3.22876758912
1 38.6029632276 0.315241278727 -7.71793461612
2 47.1371842788 6.94824789946 -0.273069470893
3 49.8202338342 16.3923450145 -2.46697434708
1 38.6601431948 0.312339895827 -7.72956508625
2 47.0807475267 6.91936676504 0.0420762865625
3 49.8023979917 16.514631963 -1.68668009616
1 38.7240335394 0.321888438036 -7.71438533249
2 47.0359497839 6.9974409818 0.433928011119
3 49.6727777127 16.6921184517 -0.891509084829
1 38.7746734587 0.320970149657 -7.67991289966
2 46.9685953177 6.90112059011 0.81650554599
3 49.5900007153 16.6152998184 -0.121802319094
1 38.8163437247 0.325278129526 -7.6788466265
2 46.8882570897 6.80299356137 1.14536238947
3 49.4960419301 16.4486308899 0.531733461454
1 38.8565312131 0.331819478721 -7.68048168375
2 46.8354623932 6.8162048409 1.47864363756
3 49.3534868503 16.5120241827 1.18213368493
1 38.8845258215 0.32752224518 -7.6507691597
2 46.7712499457 6.68158176114 1.7198292293
3 49.3040597181 16.5048473022 1.98874615874
1 38.9055273569 0.307776780123 -7.64760711476
2 46.7088729141 6.52253439564 2.00588026708
3 49.2571536243 16.1566832688 2.66798776396
1 38.9382163119 0.28414440101 -7.64830243956
2 46.6478104896 6.36895028311 2.34164696319
3 49.1341743943 15.960662317 3.42226571874
1 38.9665144968 0.272919876203 -7.66041981959
2 46.6107004237 6.19985164838 2.60898264583
3 49.0391103138 15.9249489552 4.06456836775
1 38.9802114925 0.240914975046 -7.67828455641
2 46.5768491732 6.07734029316 2.93162075957
3 48.984689339 15.7638734507 4.56699014379
1 38.9725797772 0.179690189794 -7.68029985246
2 46.4819909421 5.86277269851 3.2895605379
3 48.8981249895 15.5523079035 5.16520789855
1 38.9730440752 0.133615108812 -7.70497021913
2 46.3865034397 5.646129291 3.58617899502
3 48.8659246142 15.2175413124 5.73206425128
1 38.9812397094 0.0628098923705 -7.74112425001
2 46.3521439078 5.42585656717 3.72393919288
3 48.8704506964 14.9754168336 6.03883620205
1 38.9888452609 -0.0160658701889 -7.76155952481
2 46.3326178626 5.18720923269 3.83182429684
3 48.8986178018 14.8238952842 6.28666211407
1 38.9851088165 -0.0956182219162 -7.77150796492
2 46.3269339481 4.90652401594 3.92439909779
3 48.9491142691 14.574546903 6.57822763039
1 38.9625038414 -0.15734048876 -7.79462450437
2 46.3252555918 4.67186476492 4.00568181223
3 48.9953415412 14.1948288337 6.89024409084
1 38.9517599002 -0.232902348905 -7.79918132543
2 46.3200606775 4.45728563066 4.09170516962
3 49.0600552358 13.8614246748 7.16886626516
1 38.9283352158 -0.317145102209 -7.78524631579
2 46.3151602602 4.2656416094 4.16557670783
3 49.1318993868 13.5779175202 7.44009139458
1 38.8934843095 -0.405873202891 -7.76979090659
2 46.3013153971 3.99851228001 4.36321170588
3 49.1937417719 13.2019452189 7.76591723605
1 38.8697725906 -0.514879150865 -7.7584854741
2 46.3047562713 3.51519176758 4.64989965905
3 49.2658852 12.757904572 8.12673992397
1 38.8645301891 -0.626002989803 -7.75222758735
2 46.3411373221 3.17342495655 4.77347194865
3 49.3685556046 12.3173483558 8.35991380491
1 38.8431233598 -0.740135556142 -7.73814491514
2 46.3534005321 2.77597039114 4.86650207564
3 49.4510970614 11.9695053105 8.52627067974
1 38.8202461202 -0.850756483779 -7.7142003001
2 46.3463981172 2.4107128138 5.00401896174
3 49.5138663672 11.6160199962 8.71943796821
1 38.7941400199 -0.944003546109 -7.68065532795
2 46.3670294636 2.07041816194 5.11512860372
3 49.5930745262 11.2013350637 8.9474095652
1 38.7497921156 -1.08405288399 -7.66612824619
2 46.3673443702 1.77026975683 5.22157862076
3 49.684218596 10.7274780957 9.14759931458
1 38.7118405161 -1.20304531966 -7.62003318976
2 46.2929268934 1.5135191338 5.32504632559
3 49.7880926349 10.2290135111 9.39828360434
1 38.6755391139 -1.32351244837 -7.59183365769
2 46.2315821754 1.09107742294 5.45681969906
3 49.8517024824 9.81562024359 9.65605909227
1 38.6461138242 -1.42837583094 -7.54614682223
2 46.2052534828 0.776290753413 5.58828235646
3 49.8975272638 9.53933074727 9.76835662933
1 38.6107240814 -1.55607798346 -7.49689069471
2 46.183546316 0.509163575201 5.67486933902
3 49.9625582018 9.26336652972 9.81712645404
1 38.5511423995 -1.67252891822 -7.42877290956
2 46.1467857475 0.211369961506 5.70357418732
3 50.0376836631 8.86527226242 9.9350638787
1 38.4781919879 -1.77414897527 -7.39013020829
2 46.130506447 0.00679846594302 5.75645501066
3 50.099730954 8.3670180342 10.1360299147
1 38.4340265139 -1.88218898987 -7.38756423263
2 46.0905507301 -0.267647338033 5.81516556768
3 50.1783654423 7.89653310412 10.2422179961
1 38.3924280131 -2.00353260603 -7.35953240795
2 46.0370355811 -0.740886879978 5.83762488881
3 50.2784231122 7.46958659672 10.2539739049
1 38.3410289699 -2.13060861737 -7.33407876754
2 46.002366601 -1.06709262176 5.85126240644
3 50.3942377219 6.97009240788 10.3066788515
1 38.2780144047 -2.24272624169 -7.31232284208
2 45.9765769436 -1.25566109994 5.87987204817
3 50.5327840514 6.39571207736 10.3746112496
1 38.2281949217 -2.33672848138 -7.27582773946
2 45.9517353819 -1.56524882112 5.91893983153
3 50.6820391177 5.84455711046 10.4220112739
1 38.2051369251 -2.43923844654 -7.21626095153
2 45.9207669884 -2.05791703296 5.97949530117
3 50.8318895962 5.36348647508 10.4585760712
1 38.1753460737 -2.53438321457 -7.17818810928
2 45.8764789602 -2.51269392462 6.03036593292
3 50.9764177436 4.80622002951 10.537878199
1 38.1287829384 -2.60900687112 -7.14657709911
2 45.8284365267 -2.81442685545 6.04265188555
3 51.1110567238 4.21914527209 10.5871692504
1 38.082708703 -2.70649077848 -7.12716650451
2 45.8151170615 -3.0940193202 6.05581430239
3 51.2419959038 3.67773555221 10.5866987299
1 38.0568149974 -2.81160878629 -7.09127702256
2 45.79440202 -3.39745537773 6.07093903819
3 51.3966289062 3.15404829171 10.5953169401
1 38.0272506915 -2.88833647064 -7.01455102337
2 45.7448805625 -3.73491680955 6.10803724242
3 51.5177936933 2.66941658603 10.6134711358
1 37.9918738167 -2.97173670734 -6.97818811906
2 45.6719747323 -4.07482023611 6.19106026617
3 51.6081600884 2.19225756638 10.6143583897
1 37.974563163 -3.06048085197 -6.95168802671
2 45.5957776391 -4.4045781378 6.21814528334
3 51.7142008201 1.70103543918 10.5787587032
1 37.9689818133 -3.13826128313 -6.90337194884
2 45.5374468324 -4.731148835 6.20631078949
3 51.8510949664 1.17566271669 10.577044511
1 37.9676532537 -3.17829956362 -6.84370372965
2 45.4648839969 -5.0371348656 6.23830825628
3 51.9605775667 0.63779547596 10.6002587961
1 37.9563577585 -3.23340927368 -6.81370799965
2 45.4101624036 -5.3033414763 6.3197338477
3 52.0153184771 0.158726874671 10.6333638502
1 37.9575678766 -3.28023970512 -6.7701946047
2 45.3083186661 -5.56717832577 6.34434666473
3 52.0769227806 -0.299540725624 10.6379359086
1 37.96130716 -3.33324380375 -6.72822769352
2 45.224595027 -5.84714236277 6.28625640635
3 52.1434720385 -0.851928441089 10.6466364016
1 37.9490647767 -3.3931780689 -6.71676375061
2 45.182867135 -6.10558373834 6.24983062604
3 52.2319720154 -1.49202731091 10.6151317669
1 37.9477439082 -3.44106859576 -6.72660304621
2 45.1382192262 -6.36014757902 6.13957400002
3 52.3392073262 -2.06166933783 10.4942289414
1 37.9332627297 -3.48697763521 -6.72994196159
2 45.0882524599 -6.61653026453 6.0115428276
3 52.4321203906 -2.5404756252 10.3429030685
1 37.9007887154 -3.5109560338 -6.71513272932
2 45.0276002873 -6.83269564511 5.92048231773
3 52.4768078242 -3.13410464241 10.2720842943
1 37.8627999051 -3.51760614305 -6.71784644373
2 44.9777817931 -6.96705484294 5.80383516525
3 52.5126732145 -3.73952028352 10.2794962127
1 37.8302034156 -3.53576597974 -6.75105165944
2 44.9662043432 -7.07248350444 5.64134953734
3 52.5398337464 -4.3200096211 10.1701987331
1 37.8126389239 -3.53732473774 -6.76461798035
2 44.9617357621 -7.17246977709 5.47494950013
3 52.5676018377 -4.81432125878 10.0046661435
1 37.8067958509 -3.52943120767 -6.77270943345
2 44.9553600733 -7.26449319687 5.29482911277
3 52.6213125299 -5.47606249675 9.91888520612
1 37.7902255643 -3.520214716 -6.79144468629
2 44.9695913649 -7.31229015983 5.08191230931
3 52.6456907646 -6.23476516579 9.83697758277
1 37.7750987665 -3.49472730136 -6.80614659675
2 45.0091895 -7.33629902156 4.87880975095
3 52.6967996932 -6.71999071695 9.60036198157
1 37.774529937 -3.45881217438 -6.79975935546
2 45.0795829587 -7.32886154425 4.75449894599
3 52.7574686393 -7.11497722442 9.34499752975
1 37.7765087227 -3.43189608432 -6.80282596247
2 45.1352546378 -7.31841101603 4.6032266759
3 52.8510376819 -7.48442188406 9.02816324269
1 37.7959949681 -3.39290943815 -6.81678889676
2 45.2320078655 -7.3220500098 4.40947157432
3 53.0064195655 -7.71082563758 8.71301491799
1 37.8113124264 -3.34809517005 -6.79996544715
2 45.3455057566 -7.30642940798 4.26365749097
3 53.1499551029 -7.82042145147 8.4395260994
1 37.8324106843 -3.32647286834 -6.76926170843
2 45.4675323613 -7.22202453425 4.20216775608
3 53.1913969087 -7.8156274455 8.14720866111
1 37.8627323099 -3.33696639579 -6.73824329452
2 45.5561500664 -7.21715927284 4.13634614919
3 53.232844705 -7.81391833748 7.88544709031
1 37.8771968174 -3.35543797437 -6.70277754225
2 45.6861493997 -7.21322977933 4.05772967839
3 53.3404071515 -7.8226925699 7.63966900663
1 37.9035562535 -3.35860403571 -6.65266109761
2 45.8896112459 -7.1610296219 4.00392606351
3 53.5507603943 -7.56093705411 7.16648573724
1 37.9328537773 -3.38718804085 -6.60136208534
2 46.0577303412 -7.11880623395 4.0441948173
3 53.7836420882 -7.12675302597 6.62550181248
1 37.9737081503 -3.40647078676 -6.53588252074
2 46.2145143002 -7.05552463416 4.14920028972
3 53.9938518331 -6.55744100621 6.20507512181
1 38.0195496649 -3.40419036007 -6.46990887873
2 46.3772454984 -6.98697499962 4.23257304465
3 54.1728711911 -5.89317806123 5.69815780074
1 38.0689088329 -3.41012447055 -6.41263206415
2 46.5562743476 -6.89563676072 4.33692973287
3 54.32162316 -5.16266912159 5.26559427715
1 38.1366369551 -3.41084884193 -6.36729256752
2 46.726401304 -6.75489047493 4.43359725764
3 54.5172042349 -4.3348512465 4.87042257331
1 38.2140816569 -3.38419193237 -6.32504030778
2 46.8950583758 -6.61006262487 4.49097244752
3 54.5951277633 -3.6212418929 4.45516310103
1 38.2779198564 -3.35269541557 -6.29999219356
2 47.066528934 -6.43208908032 4.54337215259
3 54.6321291695 -2.81721945345 4.01367317547
1 38.3507917767 -3.30036541602 -6.27025536039
2 47.2440649205 -6.1894882579 4.58159059008
3 54.6507136495 -2.11181395568 3.65586846003
1 38.4374666453 -3.24856874013 -6.23868944062
2 47.4074046453 -5.97597998619 4.65193964701
3 54.4555379407 -1.52452761292 3.37412703463
1 38.5228184019 -3.20708186602 -6.20859615727
2 47.5895073404 -5.72257520746 4.69319649606
3 54.1333890618 -0.838871809052 3.05096651758
1 38.5964358016 -3.14355566323 -6.16330885515
2 47.7871027091 -5.46958124954 4.67616896267
3 53.9411381533 0.110561489989 2.70835559568
1 38.6627690997 -3.08571487191 -6.14506109007
2 47.9426895137 -5.2413037214 4.65664318299
3 53.7695479199 0.898387853383 2.30674061882
1 38.7192938573 -3.03121559926 -6.11110210728
2 48.0899661322 -4.96503268963 4.69373241204
3 53.5738714631 1.73071891454 1.99824550095
1 38.7849753916 -2.98911469416 -6.06727201708
2 48.2578163367 -4.66146028505 4.71988549995
3 53.3893179677 2.58487393496 1.75196847818
1 38.8542366343 -2.94177708164 -6.04500872354
2 48.416575984 -4.39855279384 4.6863989269
3 53.1534132519 3.18891907792 1.36109380743
1 38.9180762566 -2.89038752699 -6.01397544384
2 48.5682738561 -4.15656139642 4.62647350073
3 52.9163987143 3.76173667758 1.0333114433
1 38.9735488433 -2.84243240376 -5.96502625105
2 48.6958173066 -3.93506216629 4.61303717297
3 52.6174225957 4.30943555972 0.939599878779
1 39.0155126823 -2.7797998131 -5.92881062105
2 48.8206110771 -3.65511503309 4.5867554286
3 52.3172699907 4.78368619471 0.769576290561
1 39.0560181914 -2.74079640405 -5.91454925006
2 48.9551800381 -3.44085118369 4.5303431138
3 52.0376157696 5.30710240823 0.496556077405
1 39.0942774073 -2.69204629339 -5.87582443527
2 49.0584261905 -3.29241014199 4.45656417371
3 51.7558020827 5.76051545028 0.263311928676
1 39.1197185278 -2.64539342245 -5.84380780931
2 49.1570140131 -3.02157617929 4.44005146556
3 51.4189408037 6.13744719773 0.0789786306799
1 39.1384100873 -2.62072772402 -5.82858250931
2 49.2538530866 -2.80941042682 4.34731109522
3 51.0625162133 6.58999976486 -0.0818176784088
1 39.1696410816 -2.599370487 -5.80772017554
2 49.3697867406 -2.54713285751 4.19506758733
3 50.6781051679 7.04239028662 -0.300921860351
1 39.2009517321 -2.56792865384 -5.7859018687
2 49.4832912179 -2.23240183516 4.12971355309
3 50.2779556981 7.50079251274 -0.497806445195
1 39.228946341 -2.54294005931 -5.76104074792
2 49.5603176257 -1.96490637223 4.06442347153
3 49.8971157501 7.89799581826 -0.635692865569
1 39.2552940209 -2.49729607319 -5.71850640956
2 49.6249554439 -1.64326308958 3.96869016628
3 49.4853558086 8.20294999743 -0.867281526173
1 39.2745546142 -2.43469838491 -5.67007700488
2 49.6877719163 -1.26981354887 3.93454714526
3 49.0599212846 8.69268830127 -0.970012138384
1 39.3044453955 -2.38994148804 -5.63451417991
2 49.7383673335 -0.971712933179 3.87324955257
3 48.6365533992 9.00261369871 -1.0922565249
1 39.3321665374 -2.356237982 -5.60069246219
2 49.7677003314 -0.748095460155 3.77503247529
3 48.1815855487 9.1723513803 -1.23169071943
1 39.3521010102 -2.32275796796 -5.57465755532
2 49.8139454563 -0.491562130918 3.6560973256
3 47.7882139442 9.4942393678 -1.29348442629
1 39.3728832345 -2.28395926613 -5.56690325476
2 49.8677090002 -0.20043795719 3.5142869386
3 47.3992887347 9.74673260888 -1.4462834273
1 39.3862375721 -2.25067392458 -5.53974649027
2 49.8626473221 0.0125208623216 3.43058331221
3 46.976501915 9.85794727164 -1.48358210591
1 39.3880052173 -2.21617262545 -5.49750069408
2 49.8692287263 0.223620092532 3.42196929175
3 46.5725318865 9.9259716646 -1.41173744497
1 39.3932856292 -2.18790188486 -5.47078134385
2 49.8675786141 0.383131021988 3.35313951299
3 46.189712561 9.96060380837 -1.50253785678
1 39.400661363 -2.16747324258 -5.4641974703
2 49.8788906905 0.607733077262 3.24269083761
3 45.7996833666 10.0368118599 -1.56489973398
1 39.4033899212 -2.14941449331 -5.45270183924
2 49.8617121565 0.755363201444 3.18686624251
3 45.4318611533 10.0193215932 -1.5728485857
1 39.3972985401 -2.12542758844 -5.43400331293
2 49.8181915553 0.849584841846 3.19253347577
3 45.0859144738 9.99173375594 -1.58345394502
1 39.3863659705 -2.09857538333 -5.42111422676
2 49.7998409091 1.08526426856 3.26855458093
3 44.8447060655 10.0278255338 -1.69221550535
1 39.3800483298 -2.07981590572 -5.4141734226
2 49.7870801548 1.20162029654 3.2474022504
3 44.7052570347 10.0420519006 -1.84758413613
1 39.3715897358 -2.0679288265 -5.39958211304
2 49.7679843452 1.22033388676 3.20917136954
3 44.5390944411 10.0211312329 -1.9141196807
1 39.3608439197 -2.06298477044 -5.38833055587
2 49.7489071863 1.25682852763 3.20826456359
3 44.5030816026 10.0878442369 -1.85215716385
1 39.3499070535 -2.06316683264 -5.38731094676
2 49.7331919966 1.24905411519 3.18441872941
3 44.5232445523 10.1004112422 -1.83505071898
1 39.3428664528 -2.06091092953 -5.3895776155
2 49.7246829287 1.24179821795 3.16968397708
3 44.5340296121 10.0866642012 -1.86431466872
1 39.341010398 -2.05971345778 -5.39016816973
2 49.714801397 1.20967603504 3.18687884877
3 44.5897402329 10.0755252441 -1.80820066142
1 39.3395862182 -2.06142387811 -5.38861682007
2 49.7028926735 1.12578280253 3.24129570113
3 44.749077455 10.0759882187 -1.66111279847
1 39.3374409794 -2.06843062223 -5.39196469566
2 49.6913598141 1.02932353562 3.27951036039
3 44.9453887906 10.1304103322 -1.62328092874
1 39.3393792791 -2.08101769632 -5.39759768472
2 49.690545831 0.950138437891 3.3128987107
3 45.176360218 10.1673869532 -1.62090584585
1 39.3456202593 -2.09708960941 -5.39348588185
2 49.6883551912 0.782833759123 3.37809659943
3 45.452389343 10.1195644852 -1.5932036997
1 39.3558436283 -2.1113054399 -5.39335409451
2 49.677089317 0.680062168967 3.4805270795
3 45.6610213589 10.0308748595 -1.82114625278
1 39.3618523194 -2.12692906337 -5.40571316284
2 49.6882577481 0.79673427181 3.59980890637
3 45.867166351 9.95471577484 -2.21402427088
1 39.3699109707 -2.1451439934 -5.40957529574
2 49.6571372386 0.886817694943 3.71986406425
3 46.1294882316 9.80918054569 -2.6001204003
1 39.3818799777 -2.15998805322 -5.39981823381
2 49.5517603324 0.778990675061 3.84295699469
3 46.4179956727 9.50986822764 -3.07847897105
1 39.3964158624 -2.17217527421 -5.38612154824
2 49.4849708989 0.641827068187 4.07246917649
3 46.7093572019 9.18215667566 -3.56009076395
1 39.4259679888 -2.19349434445 -5.36085504366
2 49.4435209268 0.691205088616 4.39594254217
3 46.9361016375 9.00986813856 -4.02715407857
1 39.4749386465 -2.23493320063 -5.3057500866
2 49.3562927178 0.786529255775 4.71852515299
3 47.2089641969 8.50567658159 -4.44891709375
1 39.5172317528 -2.27407920575 -5.22523754007
2 49.2601334688 0.859155373846 4.97009312374
3 47.6352915404 8.08440764391 -4.71062642697
1 39.5560242221 -2.30219072377 -5.16556517412
2 49.1754681876 0.866054855251 5.16610621977
3 48.0100137712 7.75361413804 -4.78067968346
1 39.5917550075 -2.33199240605 -5.13904203403
2 49.113542109 0.854867693025 5.36499724579
3 48.3321314734 7.3684287941 -4.82390643706
1 39.6088380136 -2.36064050533 -5.09335825015
2 49.0616652652 0.747328415606 5.59651535394
3 48.6578257338 6.91058938949 -4.8089957466
1 39.6208064661 -2.39331238192 -5.05700681386
2 49.0123216835 0.589655523158 5.75025936954
3 48.9723341955 6.27680949008 -4.83963856577
1 39.6381542248 -2.43139480047 -5.04591930674
2 48.9956392807 0.455545380599 5.84192238776
3 49.2933040829 5.83036266446 -4.82223161948
1 39.6617204871 -2.48275594886 -5.01972447045
2 48.9759110993 0.320741644215 5.95896398927
3 49.5667763964 5.38233473843 -4.75152195518
1 39.684319495 -2.53515796082 -4.96646427825
2 48.9344948122 0.218322768338 6.16607087064
3 49.7491596003 4.75157306858 -4.72569309736
1 39.705760027 -2.57859130158 -4.92664867515
2 48.8900480882 0.181513087646 6.34005099352
3 49.9392106066 4.21412621678 -4.6693033277
1 39.7380016947 -2.64189867747 -4.90146330086
2 48.8821512275 0.181235824618 6.4352672
3 50.1028275006 3.58112791642 -4.69611411334
1 39.7748211396 -2.70508994442 -4.87140368999
2 48.85947192 0.117147244482 6.55256326673
3 50.296437255 2.94983550656 -4.64939584666
1 39.8138008028 -2.7571891418 -4.83188562279
2 48.7949733974 0.0154145003598 6.7210257248
3 50.4880610618 2.39524694558 -4.40874705199
1 39.8430997905 -2.80206368933 -4.78848941478
2 48.7487744993 0.0274229379803 6.90676664673
3 50.6367374777 1.85712214529 -4.18685848525
1 39.8680012981 -2.84605949423 -4.75972028641
2 48.7037033195 0.0491207636571 7.04196866343
3 50.792123839 1.29159754201 -3.99246304154
1 39.899368973 -2.88064053784 -4.70598156197
2 48.6781403956 -0.0188332231944 7.21557676332
3 50.8865134749 0.551714631121 -3.75761152488
1 39.9235238169 -2.91832018463 -4.652504743
2 48.5767855661 -0.0675356487679 7.40414755332
3 50.9379338152 -0.0785335209722 -3.49914817689
1 39.9452901718 -2.95790482359 -4.62077355927
2 48.4842131392 -0.116848962206 7.46761270055
3 51.0356753142 -0.796256804636 -3.23243875474
1 39.9653335446 -2.99156598878 -4.58228960389
2 48.4371162058 -0.311247389531 7.52306614507
3 51.0865366487 -1.46823933772 -2.89931815791
1 39.9700368944 -3.04128165174 -4.55616349212
2 48.3884923756 -0.461186673325 7.70492010774
3 51.1726511399 -1.9502271793 -2.49785111401
1 39.9502162821 -3.08366019067 -4.50070317542
2 48.3386819662 -0.609992079382 7.93064017655
3 51.2471759 -2.61218978288 -2.12223846721
1 39.945798609 -3.12145285964 -4.44881594184
2 48.3380315134 -0.810734110234 8.07902328121
3 51.2755137237 -3.13146488282 -1.84249827009
1 39.9494322702 -3.15948966252 -4.42769612072
2 48.3040024036 -0.97295086733 8.16992910175
3 51.3102768597 -3.52862239815 -1.61155899923
1 39.9451861572 -3.20296226526 -4.39518669796
2 48.238445992 -1.13059905136 8.2488179748
3 51.2805270989 -4.00361278261 -1.41194854829
1 39.9278165237 -3.23043978298 -4.36054836307
2 48.2077267339 -1.18831221253 8.32045038244
3 51.2178807892 -3.98770212501 -1.19077589921
1 39.9117386762 -3.24623597313 -4.34829814686
2 48.1865651527 -1.19838830012 8.32184318638
3 51.1765602529 -3.95966046147 -1.18141230017
1 39.9099074266 -3.26215790135 -4.35605832133
2 48.1825888002 -1.22370450395 8.29891700826
3 51.2070259349 -3.87784953188 -1.28841196223
1 39.9106747792 -3.26476700901 -4.35857685348
2 48.1827792817 -1.2493511091 8.27961012318
3 51.2383141599 -3.74613429722 -1.36502715363
1 39.9096091621 -3.2641316085 -4.36918148209
2 48.2036957002 -1.31406135494 8.16717811714
3 51.2691989015 -3.42799888008 -1.56938040173
1 39.9137684005 -3.24356011765 -4.41369438955
2 48.2862390545 -1.30006883946 7.96735543859
3 51.3313604285 -2.74115969455 -2.02965080144
1 39.94056631 -3.20397815205 -4.49810260316
2 48.3963089442 -1.25775658024 7.82421582232
3 51.4065883279 -2.08787596545 -2.39431900999
1 39.966862798 -3.16460166166 -4.55422685808
2 48.5179666393 -1.20945803374 7.75923545034
3 51.426560378 -1.51259019151 -2.59962034301
1 39.9685607363 -3.10399796311 -4.56884211044
2 48.618212721 -1.17994425264 7.65310576528
3 51.4038185299 -0.946169877904 -2.8254660042
1 39.9615118118 -3.02433827781 -4.59551353588
2 48.7091062981 -1.15968337683 7.49094801255
3 51.375161317 -0.316325732642 -3.04306231247
1 39.9471939319 -2.96292079928 -4.63067597196
2 48.7968459193 -1.12038082153 7.33239973872
3 51.3064342254 0.270317792756 -3.32023526279
1 39.9282882026 -2.89472845039 -4.64337459655
2 48.8512346748 -1.13526060919 7.25029988124
3 51.274089681 0.859093217097 -3.49404591406
1 39.909151233 -2.82764146009 -4.66043922965
2 48.9154263368 -1.04277721518 7.11781384549
3 51.1446706398 1.51655002888 -3.61916628054
1 39.8959232245 -2.75624669227 -4.69599380612
2 49.0036411777 -0.985072817151 6.93953192909
3 51.0604627178 2.13045388336 -3.72424995276
1 39.8939520357 -2.69697442418 -4.71065778765
2 49.050250522 -0.942038100521 6.79114082466
3 50.9421586236 2.62401831053 -3.90727650013
1 39.8810475643 -2.6287587381 -4.70495915987
2 49.0788939027 -0.863140087897 6.6595544902
3 50.7768670816 3.24472621691 -3.95932542366
1 39.8623557618 -2.59817890163 -4.75818831094
2 49.1220850583 -0.704416621773 6.5314679719
3 50.6371200705 3.83865972682 -4.03078727894
1 39.846865496 -2.55106581335 -4.80964310992
2 49.1714260821 -0.636986812971 6.315499776
3 50.5726764687 4.39864054168 -4.01562295904
1 39.8274648884 -2.50486010001 -4.83041071444
2 49.2314458798 -0.538740652694 6.19599963774
3 50.3742684532 4.91010472062 -3.99286472219
1 39.8147029678 -2.46861348501 -4.85285003194
2 49.284895388 -0.473616220936 6.10727095984
3 50.2145364535 5.44392292838 -3.95554202439
1 39.8148778165 -2.42411989244 -4.8812800984
2 49.3690799121 -0.352018150228 5.93729386039
3 50.1098779722 5.95613626594 -3.90327402273
1 39.8240307904 -2.40255240962 -4.92871298791
2 49.4452739319 -0.263103884958 5.70964219599
3 49.9774769947 6.56122819822 -3.87811646254
1 39.8157797781 -2.38356627183 -4.97126216752
2 49.4869432462 -0.278573315535 5.50864417536
3 49.8234977774 7.07845581931 -3.78886884512
1 39.7813853159 -2.34956110149 -4.99896680922
2 49.5041250687 -0.191348713732 5.32834010371
3 49.5908107403 7.61337807102 -3.61865349163
1 39.7461500793 -2.31504400722 -5.03969200999
2 49.5021633805 -0.0691900594008 5.05273514685
3 49.3836040865 8.15750462332 -3.30127094999
1 39.7137735964 -2.2756398602 -5.07228121661
2 49.5167776096 0.0264247130222 4.77752080676
3 49.1574378029 8.50417543977 -2.95627454357
1 39.6954635652 -2.24757818202 -5.09232841714
2 49.5944038733 0.224479386754 4.73179045017
3 48.8796726193 8.80400216175 -2.6755900308
1 39.6846522598 -2.22809917469 -5.09835300789
2 49.6599317737 0.331070705156 4.73998909109
3 48.7387982294 9.23561989542 -2.28381407224
1 39.6695142295 -2.20239170799 -5.11280069143
2 49.7030756106 0.208559175748 4.62637535721
3 48.7098474865 9.53358657602 -1.87679052213
1 39.6496677561 -2.17490406722 -5.13047872728
2 49.7224779913 0.0254040464991 4.40810429798
3 48.6115538569 9.72456347716 -1.34177226099
1 39.6171524112 -2.14891273999 -5.15681888214
2 49.6910267673 -0.0757755036332 4.3302417416
3 48.5024334991 9.91312104475 -0.670810310285
1 39.5685264201 -2.10944998747 -5.20337855362
2 49.6431671311 -0.173282029425 4.30071821033
3 48.4051971062 9.96864715772 -0.0519931797702
1 39.5179436224 -2.05916322186 -5.26862355994
2 49.6511047312 -0.276134695249 4.06594055952
3 48.3508887749 10.0029212571 0.681969318418
1 39.4647464749 -2.03431470791 -5.34974634287
2 49.7053855448 -0.408701498724 3.89695092764
3 48.3301197646 9.95590908273 1.52833558313
1 39.4061226207 -2.01915950515 -5.4120852434
2 49.7197654306 -0.642452783471 3.85120024202
3 48.323079317 9.72018629195 2.3380951453
1 39.3388798734 -1.99848922814 -5.4793273908
2 49.6973393362 -0.913681032425 3.86466514169
3 48.265141121 9.53904576013 3.13668386662
1 39.2742632087 -1.99040340037 -5.55878017414
2 49.6729951505 -1.22503029257 3.9150790926
3 48.3219249287 9.23402554474 3.85469009646
1 39.2184318147 -2.002212353 -5.63350751733
2 49.5842228659 -1.5135491577 4.07287835525
3 48.4189892384 8.89941843941 4.38684981346
1 39.1493691388 -2.00935926421 -5.69838437044
2 49.4597648441 -1.84574158195 4.14598595035
3 48.4351288521 8.50554832305 4.84320184997
1 39.0781350434 -2.02130115665 -5.76240878861
2 49.3679599742 -2.11409596806 4.10222083179
3 48.4984832895 8.14118132047 5.27070892672
1 39.0194380319 -2.03274018545 -5.8171533951
2 49.2956753224 -2.39011637893 3.9938221027
3 48.6037362293 7.77842455928 5.58936751844
1 38.9536933439 -2.04583292597 -5.86322091308
2 49.2292254088 -2.69651057335 3.87475907629
3 48.6818193997 7.32781006153 5.86783154656
1 38.885184376 -2.07831047349 -5.93065589137
2 49.1394500555 -3.07835775334 3.73361311284
3 48.8368779976 6.80866032814 6.18992699754
1 38.8213441208 -2.08434322158 -6.00089763781
2 49.0463451497 -3.47466678952 3.54300651702
3 48.9706009414 6.40826359014 6.38490936878
1 38.7563832234 -2.07832018008 -6.05454473822
2 48.9636152216 -3.88020735681 3.33875505269
3 49.0791622973 6.08534191888 6.55683425128
1 38.6961020287 -2.08853944888 -6.09657818162
2 48.8542319173 -4.28341546208 3.17145812942
3 49.2021765967 5.69797627001 6.74692883565
1 38.6298067388 -2.09630846459 -6.13538408257
2 48.7515477917 -4.56786478624 3.07799709694
3 49.2985525178 5.18792875863 6.94920629279
1 38.5720365173 -2.11632069065 -6.17830871998
2 48.6599521562 -4.84159234176 3.00379508195
3 49.4446847661 4.80854317446 7.11786079613
1 38.535265821 -2.14433820602 -6.22264618624
2 48.5741674224 -5.18912561904 2.92881637544
3 49.6390322852 4.4414135759 7.22022082653
1 38.507274276 -2.17062889623 -6.2415466081
2 48.479616897 -5.52224972405 2.92120425914
3 49.8103550068 4.02288473134 7.30535367626
1 38.4732955097 -2.20038158881 -6.23330289049
2 48.3556371741 -5.88991638099 2.98038872342
3 50.0134622171 3.49258357323 7.37005312564
1 38.4362315405 -2.22030264942 -6.21694655973
2 48.1761227312 -6.33949178632 2.96282054492
3 50.2383110313 3.03454824319 7.38946781248
1 38.3873093296 -2.25580612927 -6.22554175525
2 47.9600287337 -6.75442735744 2.9005427333
3 50.4300167082 2.57284788206 7.37573136941
1 38.3468137667 -2.32606197484 -6.22517507628
2 47.7243087169 -7.12503540577 2.85507006443
3 50.6517096854 1.90997525791 7.36971429146
1 38.3050607581 -2.39113124486 -6.2355467955
2 47.4794622799 -7.48944480744 2.78284531871
3 50.8844259142 1.3607369028 7.43504678994
1 38.253237168 -2.42817152923 -6.24060889595
2 47.2694956577 -7.78396592497 2.80256929548
3 51.0598902842 0.993023153432 7.54149797652
1 38.2002476365 -2.47135900028 -6.23306857523
2 47.0363935262 -8.06219318976 2.87093254507
3 51.2087121586 0.482259018161 7.56767218036
1 38.1533167819 -2.52026372933 -6.2147270682
2 46.7998564786 -8.35360237703 2.93151370546
3 51.3301550318 -0.165988650787 7.72144688704
1 38.1275911161 -2.57834736195 -6.21796203341
2 46.6073182634 -8.57485445878 3.03121511467
3 51.45071501 -0.700192101242 7.95203617712
1 38.1030805504 -2.6329430635 -6.23512767954
2 46.4204484046 -8.80720780643 3.08105056598
3 51.6488498748 -0.993646031885 8.11514664647
1 38.069888451 -2.68892498369 -6.24101822353
2 46.2220051453 -8.99695255239 3.13345664185
3 51.7453938652 -1.59745621306 8.16318771326
1 38.0435536945 -2.75399316366 -6.23233576856
2 45.9861470289 -9.17926868961 3.22031818111
3 51.8292808028 -2.33196536067 8.35041637912
1 37.9981943076 -2.81209315743 -6.21422977873
2 45.8077368438 -9.30671831987 3.29975110488
3 51.8513329863 -2.61108925262 8.69740009866
1 37.953167223 -2.85571506339 -6.22588590636
2 45.6929226038 -9.38771047945 3.38598249385
3 51.9188730391 -3.04026383918 8.84988508469
1 37.9315265024 -2.87612007373 -6.22160271225
2 45.5577048505 -9.50439721454 3.40808675294
3 51.9846501482 -3.51827597106 8.95362105783
1 37.91765206 -2.90661819869 -6.21991487996
2 45.4545878208 -9.59362178769 3.41639497493
3 52.008228273 -3.86041751154 9.20001607213
1 37.9008593606 -2.93907015633 -6.22938347819
2 45.3622539702 -9.64697917224 3.45016883952
3 52.0714368913 -4.29834638236 9.41395199353
1 37.8886651086 -2.96565475586 -6.23567143411
2 45.2911970579 -9.65413615186 3.50065447562
3 52.1077222269 -4.59980042663 9.48443143452
1 37.8811078553 -2.99028591373 -6.2257767798
2 45.2308555464 -9.63162205214 3.61941512386
3 52.1168329515 -4.87587371567 9.73465535848
1 37.8710948437 -3.02122532888 -6.21162429844
2 45.1302028994 -9.63389089134 3.75630445399
3 52.15610652 -5.13826316372 10.046683944
1 37.8703948771 -3.04947519414 -6.20984897327
2 45.0875873858 -9.5506188502 3.92116444025
3 52.170428925 -5.08963032164 10.2379163584
1 37.888133975 -3.06404347493 -6.19007535386
2 45.0769773164 -9.44478658041 4.08520737063
3 52.203588908 -5.27686056869 10.2775509437
1 37.907091736 -3.08960252122 -6.15350302762
2 45.0428631435 -9.3681338568 4.24614366506
3 52.2872988601 -5.49472667798 10.3514408679
1 37.9300616312 -3.11109726605 -6.10569244154
2 45.0046246664 -9.22128423211 4.44071755448
3 52.3637885509 -5.66736308532 10.4254036709
1 37.9762752836 -3.12195542064 -6.07992393653
2 44.995683589 -9.07496987929 4.64889503236
3 52.4638744073 -5.86556150713 10.422402002
1 38.0360530865 -3.12468179441 -6.04812996103
2 45.0191092612 -8.90334069751 4.87882310772
3 52.6471700487 -5.97121027731 10.4692771287
1 38.0825072568 -3.14573475068 -5.98673918676
2 45.0516959771 -8.68443413536 5.15238244432
3 52.75709998 -5.98909425903 10.4157513656
1 38.1312478991 -3.17418227149 -5.94084849651
2 45.0681717707 -8.43228115485 5.43602357283
3 52.8290583618 -6.09048135698 10.4095790951
1 38.1749463093 -3.21037447835 -5.90449613733
2 45.1251176472 -8.14706147797 5.66561882218
3 52.9579697915 -6.3276213646 10.3598078153
1 38.2134684428 -3.24870131708 -5.86349535039
2 45.2081172006 -7.88019254551 5.91161909181
3 53.1031917921 -6.55965307665 10.2421508959
1 38.2456198356 -3.27697243724 -5.79916049779
2 45.2557479548 -7.52798134313 6.16975849698
3 53.2275846181 -6.50790863886 10.0696875571
1 38.2738572741 -3.30854830901 -5.76938289823
2 45.3402786403 -7.07811707698 6.28069574521
3 53.263923048 -6.20022330537 9.75218437754
1 38.3105004824 -3.33436859186 -5.76435804644
2 45.4946223119 -6.75066507764 6.31233371133
3 53.3987809675 -6.08104198987 9.54198839454
1 38.3533223288 -3.33909021082 -5.75784780438
2 45.6365991431 -6.45062920163 6.34974154968
3 53.5866365574 -6.07311876535 9.53507483921
1 38.3725173696 -3.34477787318 -5.73215572104
2 45.7652222231 -6.21199980733 6.44745775145
3 53.6254325942 -5.99773303699 9.54025825912
1 38.3804648939 -3.33853734123 -5.6968382806
2 45.9548944606 -5.8897249302 6.51155612809
3 53.6480172829 -5.97722419223 9.50722332382
1 38.4065264688 -3.34092313911 -5.67474323354
2 46.1695091339 -5.54316742793 6.48629432729
3 53.8121158427 -5.98305225482 9.39036704288
1 38.4420617373 -3.36021920191 -5.63620611783
2 46.3609149467 -5.28129137835 6.48146148456
3 53.9825942164 -5.85074988186 9.1445906466
1 38.4864594959 -3.39573644984 -5.55622654015
2 46.5433591104 -4.98218886389 6.52531763704
3 54.1081927328 -5.68332697545 8.86169362562
1 38.5154991814 -3.43607841125 -5.43486675284
2 46.6973768749 -4.67732655744 6.51656217689
3 54.228850321 -5.5334832795 8.52705131899
1 38.5327969079 -3.49188652604 -5.33553279645
2 46.8769653628 -4.47119255841 6.47145393276
3 54.4148903413 -5.3849658901 8.18749261837
1 38.577128729 -3.53848821449 -5.23611732089
2 47.0464501158 -4.26470140423 6.50803378998
3 54.588523973 -5.31342487662 7.76704005677
1 38.6359543963 -3.55944211056 -5.12842554239
2 47.1518765627 -4.0637369512 6.56656217154
3 54.6877166662 -5.09391901937 7.33506755225
1 38.7060273772 -3.55587603892 -5.03231897619
2 47.2784282518 -3.8495528848 6.65905034513
3 54.7813151989 -4.88257226547 6.9847415152
1 38.7791877398 -3.53521125346 -4.9405719861
2 47.4574719168 -3.65406495538 6.72765287088
3 54.9203441418 -4.77184368425 6.46450937919
1 38.8481594354 -3.51195866155 -4.86312514458
2 47.6025286411 -3.45174520371 6.79498352083
3 54.9563758023 -4.54808227342 5.80232419184
1 38.928043797 -3.48241114989 -4.79649705099
2 47.721268681 -3.23610548313 6.90659597696
3 55.0021668179 -4.22014158621 5.21099624343
1 39.015491853 -3.44087013053 -4.71596677984
2 47.8677090208 -3.08444917139 6.93189152019
3 55.0583695045 -3.97587540884 4.71285994903
1 39.0968320909 -3.39613072394 -4.64487287345
2 48.0381380454 -2.99341619961 6.9294492696
3 55.1160151649 -3.62206721172 4.13238300185
1 39.1630215376 -3.34207498969 -4.59666967605
2 48.1937919953 -2.85018146615 6.9527278049
3 55.1639117876 -3.34066483154 3.62870524426
1 39.2180409527 -3.30948386282 -4.54978424966
2 48.3091466969 -2.67800894398 6.91522469768
3 55.0771179787 -3.12241491104 3.06861148855
1 39.2609921879 -3.27120301056 -4.52258614827
2 48.4527407219 -2.52763792847 6.80979261272
3 54.8598658884 -2.47614488448 2.05995501193
1 39.2998318328 -3.20272347359 -4.50575381599
2 48.620384455 -2.49979136771 6.58649405132
3 54.9685332031 -1.73400130258 1.42893416642
1 39.3249484289 -3.14059395151 -4.47193676458
2 48.7325432424 -2.42929199326 6.34988140979
3 55.2084963864 -1.68458940817 1.48688520855
1 39.3343083934 -3.10373238709 -4.47826457275
2 48.8099016656 -2.27801118335 6.11875501214
3 55.1711262758 -1.54131401825 1.1700966581
1 39.3516345496 -3.05311480271 -4.48896327249
2 48.9228967735 -2.22913481397 5.89586070836
3 55.0584900037 -0.906464191003 0.562593245252
1 39.370120233 -3.01371421432 -4.51232498631
2 49.0381356902 -2.09332937539 5.75241772614
3 55.0297030786 -0.356566672798 0.139604747314
1 39.3777244201 -2.98631935463 -4.52083247352
2 49.0690636679 -2.00706474016 5.61907088373
3 55.0082110335 0.0824948372476 -0.0500201684189
1 39.374527006 -2.96125476917 -4.52461658182
2 49.0902295906 -1.94217369102 5.57136499788
3 54.9522672771 0.492026345996 -0.164395653238
1 39.3763770502 -2.93556720069 -4.53962536403
2 49.1202986784 -1.86134652412 5.56314984763
3 54.8988896825 0.978176371475 -0.263318989486
1 39.3890618941 -2.90179374151 -4.53825122575
2 49.1352876651 -1.7969518265 5.61383381604
3 54.8039623383 1.60915463863 -0.166018306391
1 39.4037407215 -2.86411561765 -4.52915562772
2 49.1145005661 -1.6444329727 5.70219557961
3 54.699409037 1.96966079134 -0.0439093780832
1 39.4232848568 -2.81751194713 -4.51508118793
2 49.0765979385 -1.47468313068 5.82537068635
3 54.5928836539 2.51499029176 0.081627120526
1 39.4669899007 -2.77034430112 -4.49069809912
2 49.0708506189 -1.43745440198 6.00045162203
3 54.4988739427 3.08705130482 0.275012131366
1 39.5234947251 -2.72281015155 -4.44906454617
2 49.0870252643 -1.34817020037 6.25525938788
3 54.3826427224 3.48206180099 0.564176121156
1 39.5686549452 -2.67015686194 -4.40009605315
2 49.0666651634 -1.2148225815 6.47495979679
3 54.2424121251 3.73049429849 0.829696381044
1 39.6400991649 -2.6087741141 -4.3686058362
2 49.0300097268 -1.10470019572 6.62894332471
3 54.1952929518 4.06225859951 1.11001238829
1 39.7088476463 -2.5273456903 -4.339894323
2 49.0035796014 -0.934821339414 6.7834692072
3 54.1595227627 4.33757995302 1.35534838861
1 39.7592347232 -2.46946585652 -4.29539598057
2 48.9468003421 -0.812772743038 6.98012699968
3 54.1371718403 4.60652817101 1.65552532043
1 39.7892546332 -2.44250601131 -4.28786648523
2 48.8798693356 -0.700675069356 7.2009595166
3 54.1296897214 4.8135982376 1.96711585192
1 39.8166352414 -2.42140584459 -4.30429686726
2 48.8041856314 -0.671572445914 7.35821911152
3 54.147301261 4.99500591325 2.37309103043
1 39.8522973845 -2.41832293293 -4.33244575559
2 48.7349906165 -0.683100087483 7.48752150915
3 54.2525787766 5.13423483812 3.05343460689
1 39.8594898766 -2.43273072824 -4.34107757291
2 48.658557792 -0.642337724489 7.64882475561
3 54.3465088057 5.22278122959 4.01707428626
1 39.8550491479 -2.44944892108 -4.34001896756
2 48.5455483644 -0.653762181967 7.81332112311
3 54.3384891187 5.22452243271 4.87883947093
1 39.8620394644 -2.46914985756 -4.36943724759
2 48.4316842869 -0.725743104589 7.94352222029
3 54.2812750194 5.07330622463 5.43766122537
1 39.8626013874 -2.49920637174 -4.39163029843
2 48.3320839686 -0.79336780408 8.01113264495
3 54.2219999404 5.00583249651 5.84854413092
1 39.861901449 -2.52151712195 -4.39876265131
2 48.237214826 -0.866307231989 8.10682152259
3 54.1661952368 5.06125651602 6.30081598335
1 39.8464527669 -2.55402081301 -4.41908748871
2 48.1210852745 -0.90096479193 8.22009427547
3 54.1039757964 5.20472451823 6.89481266624
1 39.8321284296 -2.58948523196 -4.4549753468
2 48.0077059984 -0.982269094634 8.31253572906
3 54.0658075573 5.38236013063 7.48583069806
1 39.8297368112 -2.6134556378 -4.4772310704
2 47.918199759 -1.06062295399 8.40637744908
3 54.0473387496 5.26520668704 7.86514190555
1 39.8266810535 -2.63751536865 -4.45434578916
2 47.8414518104 -1.06716062103 8.52365838952
3 54.0546313725 5.14449643532 8.19825859646
1 39.8332945835 -2.67197656285 -4.44234947849
2 47.7566203173 -1.14193978036 8.63065045341
3 54.0556561776 5.0428125624 8.49509630591
1 39.8436739772 -2.72497828493 -4.45560962791
2 47.6767048665 -1.16102187601 8.78946995061
3 53.9837491242 4.98506539602 8.7831840476
1 39.8525386826 -2.76476058322 -4.44935732992
2 47.576358272 -1.13973341518 9.05288625967
3 53.8955996351 4.86113399729 9.11444898353
1 39.8634003434 -2.78437971673 -4.41670894215
2 47.4392985694 -1.13965020216 9.37178644351
3 53.8207174813 4.7161331577 9.43943089758
1 39.8764728274 -2.82343036966 -4.38960908093
2 47.3060754097 -1.17035880257 9.63059590749
3 53.7185058119 4.56363196655 9.68715653535
1 39.8960349228 -2.83982855357 -4.35398169569
2 47.189738396 -1.19752223541 9.8214595525
3 53.6293809759 4.46849102519 9.8903046438
1 39.9104229395 -2.84642696937 -4.30399085892
2 47.0664787033 -1.24689455281 10.0186921793
3 53.5663701025 4.43438642798 10.0865808686
1 39.9168260455 -2.86765130088 -4.25635652953
2 46.9215973486 -1.27617252295 10.2644978096
3 53.4581756231 4.3033967571 10.3382430637
1 39.9323948418 -2.86664365483 -4.19154745797
2 46.7692495316 -1.29254933138 10.4655869217
3 53.3276524216 4.18243434659 10.6158848306
1 39.9490402958 -2.87379533353 -4.15212901369
2 46.6775798344 -1.30853867118 10.5983567905
3 53.2203504045 4.16155217512 10.8849357574
1 39.9673048631 -2.88804881491 -4.13608429171
2 46.6125741952 -1.37200610397 10.7060666293
3 53.1683114773 4.10880307824 11.1071367666
1 39.9788867479 -2.90828069316 -4.11350557931
2 46.5365330519 -1.46959310584 10.8159973918
3 53.1264702205 4.00765154149 11.2769986933
1 39.9939298009 -2.90867024989 -4.07451017174
2 46.4722776327 -1.50001800215 10.9137647754
3 53.07258013 3.96522151492 11.3996428861
1 40.0012069491 -2.90503413842 -4.03308572298
2 46.4153206412 -1.50892357402 11.0072551272
3 53.0187216509 3.9393606448 11.530403551
1 40.0102593626 -2.91721611723 -4.01429698326
2 46.3513283135 -1.54117923326 11.1201265972
3 52.9652564197 3.91184072796 11.6830290103
1 40.0181176202 -2.92041221286 -3.9833636252
2 46.3029378943 -1.57628560698 11.1939989309
3 52.9011959506 3.89029768403 11.8750362746
1 40.0249505789 -2.9318283176 -3.96472777752
2 46.2662909083 -1.59921396393 11.2328211489
3 52.8517152732 3.83839753758 12.060540289
1 40.0340746264 -2.93891965717 -3.9564670158
2 46.2422430566 -1.61740468094 11.2586877068
3 52.8329399084 3.79227007516 12.2065146279
1 40.0383091856 -2.94353366307 -3.94282204673
2 46.2146728117 -1.63723241861 11.298075969
3 52.8124243584 3.7591559093 12.3483308207
1 40.0448596309 -2.94797159536 -3.92408787687
2 46.1812482508 -1.65333440995 11.3662383237
3 52.7745280732 3.71491764714 12.5176954671
1 40.0557193822 -2.94995811916 -3.90124803152
2 46.1444174125 -1.66716655967 11.4360381262
3 52.7236818811 3.65001775484 12.7016365087
1 40.0717464685 -2.94852769818 -3.87295774864
2 46.1020956795 -1.68286010177 11.4895427675
3 52.6843995404 3.61469791052 12.845967144
1 40.0881086564 -2.94565039063 -3.82503989546
2 46.0582339505 -1.69900945201 11.5501811336
3 52.6605419038 3.60679496912 12.9675028645
1 40.1003923014 -2.9453571872 -3.77112014382
2 46.0095944803 -1.69037783289 11.6344967309
3 52.6337601336 3.58828308157 13.0817784201
1 40.1111665004 -2.94101925828 -3.73257791879
2 45.9660347133 -1.68383631707 11.7123619515
3 52.6051629922 3.58486732919 13.1694752601
1 40.1217902689 -2.94238228647 -3.70982612144
2 45.9310864451 -1.69817008869 11.7722205099
3 52.5811782874 3.59261482651 13.2498632897
1 40.131141594 -2.94960834569 -3.68837116748
2 45.8847882517 -1.70910222832 11.8393693813
3 52.5527016067 3.59531521574 13.3652609356
1 40.1452541826 -2.95354887215 -3.65324763024
2 45.8365587565 -1.721747417 11.9096767633
3 52.5122806926 3.56685801467 13.5378645153
